0 0 0.0522648
0 0.0166667 0.104386
0 0.0333333 0.156222
0 0.05 0.207629
0 0.0666667 0.258467
0 0.0833333 0.308597
0 0.1 0.357881
0 0.116667 0.406184
0 0.133333 0.453374
0 0.15 0.499321
0 0.166667 0.543899
0 0.183333 0.586987
0 0.2 0.628465
0 0.216667 0.668221
0 0.233333 0.706146
0 0.25 0.742135
0 0.266667 0.77609
0 0.283333 0.807918
0 0.3 0.837531
0 0.316667 0.864849
0 0.333333 0.889796
0 0.35 0.912304
0 0.366667 0.932312
0 0.383333 0.949765
0 0.4 0.964614
0 0.416667 0.976819
0 0.433333 0.986347
0 0.45 0.993171
0 0.466667 0.997273
0 0.483333 0.998642
0 0.5 0.997274
0 0.516667 0.993172
0 0.533333 0.986348
0 0.55 0.976821
0 0.566667 0.964616
0 0.583333 0.949767
0 0.6 0.932315
0 0.616667 0.912307
0 0.633333 0.889799
0 0.65 0.864852
0 0.666667 0.837535
0 0.683333 0.807922
0 0.7 0.776095
0 0.716667 0.74214
0 0.733333 0.706152
0 0.75 0.668228
0 0.766667 0.628472
0 0.783333 0.586994
0 0.8 0.543907
0 0.816667 0.49933
0 0.833333 0.453384
0 0.85 0.406196
0 0.866667 0.357895
0 0.883333 0.308614
0 0.9 0.258487
0 0.916667 0.207654
0 0.933333 0.156255
0 0.95 0.104434
0 0.966667 0.0523435
0.0166667 0 0.0520504
0.0166667 0.0166667 0.103958
0.0166667 0.0333333 0.155581
0.0166667 0.05 0.206777
0.0166667 0.0666667 0.257407
0.0166667 0.0833333 0.307331
0.0166667 0.1 0.356413
0.0166667 0.116667 0.404518
0.0166667 0.133333 0.451514
0.0166667 0.15 0.497272
0.0166667 0.166667 0.541668
0.0166667 0.183333 0.584579
0.0166667 0.2 0.625887
0.0166667 0.216667 0.66548
0.0166667 0.233333 0.703249
0.0166667 0.25 0.739091
0.0166667 0.266667 0.772907
0.0166667 0.283333 0.804604
0.0166667 0.3 0.834096
0.0166667 0.316667 0.861301
0.0166667 0.333333 0.886146
0.0166667 0.35 0.908562
0.0166667 0.366667 0.928488
0.0166667 0.383333 0.945869
0.0166667 0.4 0.960657
0.0166667 0.416667 0.972812
0.0166667 0.433333 0.982301
0.0166667 0.45 0.989097
0.0166667 0.466667 0.993183
0.0166667 0.483333 0.994546
0.0166667 0.5 0.993184
0.0166667 0.516667 0.989099
0.0166667 0.533333 0.982303
0.0166667 0.55 0.972815
0.0166667 0.566667 0.96066
0.0166667 0.583333 0.945872
0.0166667 0.6 0.928492
0.0166667 0.616667 0.908567
0.0166667 0.633333 0.886151
0.0166667 0.65 0.861307
0.0166667 0.666667 0.834102
0.0166667 0.683333 0.804611
0.0166667 0.7 0.772914
0.0166667 0.716667 0.739099
0.0166667 0.733333 0.703259
0.0166667 0.75 0.665491
0.0166667 0.766667 0.625899
0.0166667 0.783333 0.584592
0.0166667 0.8 0.541682
0.0166667 0.816667 0.497289
0.0166667 0.833333 0.451532
0.0166667 0.85 0.404539
0.0166667 0.866667 0.356438
0.0166667 0.883333 0.307361
0.0166667 0.9 0.257443
0.0166667 0.916667 0.206822
0.0166667 0.933333 0.155638
0.0166667 0.95 0.104035
0.0166667 0.966667 0.0521585
0.0333333 0 0.0516933
0.0333333 0.0166667 0.103245
0.0333333 0.0333333 0.154514
0.0333333 0.05 0.205359
0.0333333 0.0666667 0.255641
0.0333333 0.0833333 0.305223
0.0333333 0.1 0.353968
0.0333333 0.116667 0.401742
0.0333333 0.133333 0.448416
0.0333333 0.15 0.493861
0.0333333 0.166667 0.537951
0.0333333 0.183333 0.580568
0.0333333 0.2 0.621593
0.0333333 0.216667 0.660914
0.0333333 0.233333 0.698424
0.0333333 0.25 0.73402
0.0333333 0.266667 0.767604
0.0333333 0.283333 0.799083
0.0333333 0.3 0.828373
0.0333333 0.316667 0.855392
0.0333333 0.333333 0.880066
0.0333333 0.35 0.902328
0.0333333 0.366667 0.922117
0.0333333 0.383333 0.939379
0.0333333 0.4 0.954066
0.0333333 0.416667 0.966138
0.0333333 0.433333 0.975561
0.0333333 0.45 0.982311
0.0333333 0.466667 0.986369
0.0333333 0.483333 0.987723
0.0333333 0.5 0.98637
0.0333333 0.516667 0.982313
0.0333333 0.533333 0.975564
0.0333333 0.55 0.966141
0.0333333 0.566667 0.95407
0.0333333 0.583333 0.939384
0.0333333 0.6 0.922123
0.0333333 0.616667 0.902335
0.0333333 0.633333 0.880073
0.0333333 0.65 0.8554
0.0333333 0.666667 0.828382
0.0333333 0.683333 0.799093
0.0333333 0.7 0.767614
0.0333333 0.716667 0.734032
0.0333333 0.733333 0.698437
0.0333333 0.75 0.660929
0.0333333 0.766667 0.621609
0.0333333 0.783333 0.580586
0.0333333 0.8 0.537972
0.0333333 0.816667 0.493883
0.0333333 0.833333 0.448442
0.0333333 0.85 0.401772
0.0333333 0.866667 0.354002
0.0333333 0.883333 0.305263
0.0333333 0.9 0.25569
0.0333333 0.916667 0.205418
0.0333333 0.933333 0.154588
0.0333333 0.95 0.103339
0.0333333 0.966667 0.0518143
0.05 0 0.0511945
0.05 0.0166667 0.102249
0.05 0.0333333 0.153023
0.05 0.05 0.203377
0.05 0.0666667 0.253174
0.05 0.0833333 0.302277
0.05 0.1 0.350552
0.05 0.116667 0.397865
0.05 0.133333 0.444089
0.05 0.15 0.489095
0.05 0.166667 0.53276
0.05 0.183333 0.574965
0.05 0.2 0.615594
0.05 0.216667 0.654536
0.05 0.233333 0.691684
0.05 0.25 0.726936
0.05 0.266667 0.760196
0.05 0.283333 0.791372
0.05 0.3 0.820379
0.05 0.316667 0.847137
0.05 0.333333 0.871573
0.05 0.35 0.893621
0.05 0.366667 0.913219
0.05 0.383333 0.930314
0.05 0.4 0.944859
0.05 0.416667 0.956814
0.05 0.433333 0.966147
0.05 0.45 0.972832
0.05 0.466667 0.97685
0.05 0.483333 0.978191
0.05 0.5 0.976852
0.05 0.516667 0.972834
0.05 0.533333 0.966151
0.05 0.55 0.956819
0.05 0.566667 0.944864
0.05 0.583333 0.93032
0.05 0.6 0.913226
0.05 0.616667 0.893629
0.05 0.633333 0.871582
0.05 0.65 0.847147
0.05 0.666667 0.82039
0.05 0.683333 0.791384
0.05 0.7 0.760209
0.05 0.716667 0.726951
0.05 0.733333 0.691701
0.05 0.75 0.654555
0.05 0.766667 0.615615
0.05 0.783333 0.574988
0.05 0.8 0.532785
0.05 0.816667 0.489123
0.05 0.833333 0.444121
0.05 0.85 0.397903
0.05 0.866667 0.350595
0.05 0.883333 0.302327
0.05 0.9 0.253233
0.05 0.916667 0.203448
0.05 0.933333 0.153108
0.05 0.95 0.102353
0.05 0.966667 0.0513215
0.0666667 0 0.0505552
0.0666667 0.0166667 0.100972
0.0666667 0.0333333 0.151112
0.0666667 0.05 0.200838
0.0666667 0.0666667 0.250013
0.0666667 0.0833333 0.298503
0.0666667 0.1 0.346175
0.0666667 0.116667 0.392898
0.0666667 0.133333 0.438544
0.0666667 0.15 0.482988
0.0666667 0.166667 0.526108
0.0666667 0.183333 0.567786
0.0666667 0.2 0.607908
0.0666667 0.216667 0.646364
0.0666667 0.233333 0.683048
0.0666667 0.25 0.71786
0.0666667 0.266667 0.750704
0.0666667 0.283333 0.781491
0.0666667 0.3 0.810135
0.0666667 0.316667 0.836559
0.0666667 0.333333 0.86069
0.0666667 0.35 0.882463
0.0666667 0.366667 0.901816
0.0666667 0.383333 0.918697
0.0666667 0.4 0.933061
0.0666667 0.416667 0.944867
0.0666667 0.433333 0.954083
0.0666667 0.45 0.960685
0.0666667 0.466667 0.964653
0.0666667 0.483333 0.965978
0.0666667 0.5 0.964655
0.0666667 0.516667 0.960688
0.0666667 0.533333 0.954088
0.0666667 0.55 0.944873
0.0666667 0.566667 0.933068
0.0666667 0.583333 0.918705
0.0666667 0.6 0.901825
0.0666667 0.616667 0.882472
0.0666667 0.633333 0.860701
0.0666667 0.65 0.836571
0.0666667 0.666667 0.810148
0.0666667 0.683333 0.781505
0.0666667 0.7 0.75072
0.0666667 0.716667 0.717877
0.0666667 0.733333 0.683067
0.0666667 0.75 0.646385
0.0666667 0.766667 0.607932
0.0666667 0.783333 0.567813
0.0666667 0.8 0.526138
0.0666667 0.816667 0.483021
0.0666667 0.833333 0.438582
0.0666667 0.85 0.392941
0.0666667 0.866667 0.346225
0.0666667 0.883333 0.298561
0.0666667 0.9 0.25008
0.0666667 0.916667 0.200917
0.0666667 0.933333 0.151205
0.0666667 0.95 0.101082
0.0666667 0.966667 0.050685
0.0833333 0 0.0497774
0.0833333 0.0166667 0.0994183
0.0833333 0.0333333 0.148787
0.0833333 0.05 0.197747
0.0833333 0.0666667 0.246166
0.0833333 0.0833333 0.29391
0.0833333 0.1 0.340848
0.0833333 0.116667 0.386852
0.0833333 0.133333 0.431796
0.0833333 0.15 0.475556
0.0833333 0.166667 0.518013
0.0833333 0.183333 0.55905
0.0833333 0.2 0.598555
0.0833333 0.216667 0.636419
0.0833333 0.233333 0.672538
0.0833333 0.25 0.706815
0.0833333 0.266667 0.739153
0.0833333 0.283333 0.769466
0.0833333 0.3 0.79767
0.0833333 0.316667 0.823688
0.0833333 0.333333 0.847448
0.0833333 0.35 0.868885
0.0833333 0.366667 0.88794
0.0833333 0.383333 0.904562
0.0833333 0.4 0.918705
0.0833333 0.416667 0.930329
0.0833333 0.433333 0.939404
0.0833333 0.45 0.945903
0.0833333 0.466667 0.949811
0.0833333 0.483333 0.951115
0.0833333 0.5 0.949813
0.0833333 0.516667 0.945907
0.0833333 0.533333 0.939409
0.0833333 0.55 0.930336
0.0833333 0.566667 0.918713
0.0833333 0.583333 0.904571
0.0833333 0.6 0.887951
0.0833333 0.616667 0.868896
0.0833333 0.633333 0.84746
0.0833333 0.65 0.823702
0.0833333 0.666667 0.797685
0.0833333 0.683333 0.769483
0.0833333 0.7 0.739172
0.0833333 0.716667 0.706835
0.0833333 0.733333 0.672561
0.0833333 0.75 0.636443
0.0833333 0.766667 0.598582
0.0833333 0.783333 0.559081
0.0833333 0.8 0.518047
0.0833333 0.816667 0.475595
0.0833333 0.833333 0.431839
0.0833333 0.85 0.386901
0.0833333 0.866667 0.340904
0.0833333 0.883333 0.293974
0.0833333 0.9 0.24624
0.0833333 0.916667 0.197832
0.0833333 0.933333 0.148885
0.0833333 0.95 0.0995318
0.0833333 0.966667 0.0499079
0.1 0 0.0488631
0.1 0.0166667 0.0975922
0.1 0.0333333 0.146054
0.1 0.05 0.194115
0.1 0.0666667 0.241644
0.1 0.0833333 0.288511
0.1 0.1 0.334587
0.1 0.116667 0.379746
0.1 0.133333 0.423865
0.1 0.15 0.466821
0.1 0.166667 0.508498
0.1 0.183333 0.548781
0.1 0.2 0.58756
0.1 0.216667 0.624729
0.1 0.233333 0.660185
0.1 0.25 0.693831
0.1 0.266667 0.725576
0.1 0.283333 0.755333
0.1 0.3 0.783018
0.1 0.316667 0.808558
0.1 0.333333 0.831882
0.1 0.35 0.852925
0.1 0.366667 0.87163
0.1 0.383333 0.887947
0.1 0.4 0.90183
0.1 0.416667 0.91324
0.1 0.433333 0.922148
0.1 0.45 0.928529
0.1 0.466667 0.932364
0.1 0.483333 0.933645
0.1 0.5 0.932367
0.1 0.516667 0.928533
0.1 0.533333 0.922154
0.1 0.55 0.913248
0.1 0.566667 0.901838
0.1 0.583333 0.887957
0.1 0.6 0.871642
0.1 0.616667 0.852938
0.1 0.633333 0.831896
0.1 0.65 0.808573
0.1 0.666667 0.783035
0.1 0.683333 0.755351
0.1 0.7 0.725597
0.1 0.716667 0.693854
0.1 0.733333 0.66021
0.1 0.75 0.624756
0.1 0.766667 0.58759
0.1 0.783333 0.548815
0.1 0.8 0.508536
0.1 0.816667 0.466863
0.1 0.833333 0.423912
0.1 0.85 0.3798
0.1 0.866667 0.334648
0.1 0.883333 0.28858
0.1 0.9 0.241722
0.1 0.916667 0.194204
0.1 0.933333 0.146155
0.1 0.95 0.0977071
0.1 0.966667 0.0489931
0.116667 0 0.0478147
0.116667 0.0166667 0.0954984
0.116667 0.0333333 0.14292
0.116667 0.05 0.189951
0.116667 0.0666667 0.23646
0.116667 0.0833333 0.282322
0.116667 0.1 0.327409
0.116667 0.116667 0.371599
0.116667 0.133333 0.414771
0.116667 0.15 0.456806
0.116667 0.166667 0.497589
0.116667 0.183333 0.537008
0.116667 0.2 0.574955
0.116667 0.216667 0.611326
0.116667 0.233333 0.646021
0.116667 0.25 0.678946
0.116667 0.266667 0.71001
0.116667 0.283333 0.739128
0.116667 0.3 0.76622
0.116667 0.316667 0.791211
0.116667 0.333333 0.814034
0.116667 0.35 0.834626
0.116667 0.366667 0.852931
0.116667 0.383333 0.868897
0.116667 0.4 0.882482
0.116667 0.416667 0.893648
0.116667 0.433333 0.902365
0.116667 0.45 0.908608
0.116667 0.466667 0.912362
0.116667 0.483333 0.913615
0.116667 0.5 0.912364
0.116667 0.516667 0.908613
0.116667 0.533333 0.902371
0.116667 0.55 0.893656
0.116667 0.566667 0.882492
0.116667 0.583333 0.868908
0.116667 0.6 0.852943
0.116667 0.616667 0.83464
0.116667 0.633333 0.81405
0.116667 0.65 0.791228
0.116667 0.666667 0.766238
0.116667 0.683333 0.739148
0.116667 0.7 0.710032
0.116667 0.716667 0.678971
0.116667 0.733333 0.646048
0.116667 0.75 0.611355
0.116667 0.766667 0.574988
0.116667 0.783333 0.537044
0.116667 0.8 0.497629
0.116667 0.816667 0.456851
0.116667 0.833333 0.414822
0.116667 0.85 0.371656
0.116667 0.866667 0.327473
0.116667 0.883333 0.282393
0.116667 0.9 0.236541
0.116667 0.916667 0.190041
0.116667 0.933333 0.143023
0.116667 0.95 0.0956135
0.116667 0.966667 0.0479434
0.133333 0 0.0466353
0.133333 0.0166667 0.0931429
0.133333 0.0333333 0.139395
0.133333 0.05 0.185265
0.133333 0.0666667 0.230628
0.133333 0.0833333 0.275358
0.133333 0.1 0.319333
0.133333 0.116667 0.362434
0.133333 0.133333 0.40454
0.133333 0.15 0.445538
0.133333 0.166667 0.485315
0.133333 0.183333 0.523762
0.133333 0.2 0.560773
0.133333 0.216667 0.596247
0.133333 0.233333 0.630086
0.133333 0.25 0.662199
0.133333 0.266667 0.692497
0.133333 0.283333 0.720896
0.133333 0.3 0.74732
0.133333 0.316667 0.771695
0.133333 0.333333 0.793955
0.133333 0.35 0.814039
0.133333 0.366667 0.831892
0.133333 0.383333 0.847465
0.133333 0.4 0.860714
0.133333 0.416667 0.871605
0.133333 0.433333 0.880107
0.133333 0.45 0.886196
0.133333 0.466667 0.889857
0.133333 0.483333 0.89108
0.133333 0.5 0.88986
0.133333 0.516667 0.886201
0.133333 0.533333 0.880114
0.133333 0.55 0.871614
0.133333 0.566667 0.860725
0.133333 0.583333 0.847477
0.133333 0.6 0.831906
0.133333 0.616667 0.814054
0.133333 0.633333 0.793972
0.133333 0.65 0.771713
0.133333 0.666667 0.74734
0.133333 0.683333 0.720918
0.133333 0.7 0.692521
0.133333 0.716667 0.662225
0.133333 0.733333 0.630115
0.133333 0.75 0.596278
0.133333 0.766667 0.560808
0.133333 0.783333 0.5238
0.133333 0.8 0.485358
0.133333 0.816667 0.445586
0.133333 0.833333 0.404593
0.133333 0.85 0.362492
0.133333 0.866667 0.319399
0.133333 0.883333 0.275431
0.133333 0.9 0.23071
0.133333 0.916667 0.185357
0.133333 0.933333 0.139498
0.133333 0.95 0.093257
0.133333 0.966667 0.0467619
0.15 0 0.0453281
0.15 0.0166667 0.0905319
0.15 0.0333333 0.135488
0.15 0.05 0.180072
0.15 0.0666667 0.224163
0.15 0.0833333 0.267639
0.15 0.1 0.310382
0.15 0.116667 0.352274
0.15 0.133333 0.3932
0.15 0.15 0.433049
0.15 0.166667 0.471711
0.15 0.183333 0.50908
0.15 0.2 0.545053
0.15 0.216667 0.579533
0.15 0.233333 0.612424
0.15 0.25 0.643637
0.15 0.266667 0.673085
0.15 0.283333 0.700688
0.15 0.3 0.726371
0.15 0.316667 0.750063
0.15 0.333333 0.7717
0.15 0.35 0.791221
0.15 0.366667 0.808573
0.15 0.383333 0.823709
0.15 0.4 0.836587
0.15 0.416667 0.847173
0.15 0.433333 0.855436
0.15 0.45 0.861355
0.15 0.466667 0.864913
0.15 0.483333 0.866101
0.15 0.5 0.864916
0.15 0.516667 0.86136
0.15 0.533333 0.855443
0.15 0.55 0.847182
0.15 0.566667 0.836598
0.15 0.583333 0.823722
0.15 0.6 0.808587
0.15 0.616667 0.791236
0.15 0.633333 0.771717
0.15 0.65 0.750083
0.15 0.666667 0.726392
0.15 0.683333 0.700711
0.15 0.7 0.67311
0.15 0.716667 0.643664
0.15 0.733333 0.612454
0.15 0.75 0.579566
0.15 0.766667 0.54509
0.15 0.783333 0.50912
0.15 0.8 0.471755
0.15 0.816667 0.433098
0.15 0.833333 0.393255
0.15 0.85 0.352334
0.15 0.866667 0.310449
0.15 0.883333 0.267714
0.15 0.9 0.224246
0.15 0.916667 0.180164
0.15 0.933333 0.135589
0.15 0.95 0.0906443
0.15 0.966667 0.0454518
0.166667 0 0.0438965
0.166667 0.0166667 0.0876728
0.166667 0.0333333 0.131209
0.166667 0.05 0.174385
0.166667 0.0666667 0.217083
0.166667 0.0833333 0.259187
0.166667 0.1 0.300579
0.166667 0.116667 0.341149
0.166667 0.133333 0.380782
0.166667 0.15 0.419373
0.166667 0.166667 0.456814
0.166667 0.183333 0.493002
0.166667 0.2 0.52784
0.166667 0.216667 0.56123
0.166667 0.233333 0.593083
0.166667 0.25 0.623309
0.166667 0.266667 0.651828
0.166667 0.283333 0.678559
0.166667 0.3 0.703431
0.166667 0.316667 0.726375
0.166667 0.333333 0.747328
0.166667 0.35 0.766232
0.166667 0.366667 0.783037
0.166667 0.383333 0.797695
0.166667 0.4 0.810166
0.166667 0.416667 0.820417
0.166667 0.433333 0.82842
0.166667 0.45 0.834152
0.166667 0.466667 0.837598
0.166667 0.483333 0.838749
0.166667 0.5 0.837601
0.166667 0.516667 0.834157
0.166667 0.533333 0.828427
0.166667 0.55 0.820427
0.166667 0.566667 0.810178
0.166667 0.583333 0.797708
0.166667 0.6 0.783052
0.166667 0.616667 0.766249
0.166667 0.633333 0.747346
0.166667 0.65 0.726395
0.166667 0.666667 0.703453
0.166667 0.683333 0.678583
0.166667 0.7 0.651854
0.166667 0.716667 0.623338
0.166667 0.733333 0.593114
0.166667 0.75 0.561265
0.166667 0.766667 0.527877
0.166667 0.783333 0.493044
0.166667 0.8 0.456859
0.166667 0.816667 0.419423
0.166667 0.833333 0.380838
0.166667 0.85 0.34121
0.166667 0.866667 0.300647
0.166667 0.883333 0.259261
0.166667 0.9 0.217166
0.166667 0.916667 0.174476
0.166667 0.933333 0.131309
0.166667 0.95 0.0877828
0.166667 0.966667 0.044017
0.183333 0 0.0423447
0.183333 0.0166667 0.0845732
0.183333 0.0333333 0.12657
0.183333 0.05 0.16822
0.183333 0.0666667 0.209409
0.183333 0.0833333 0.250023
0.183333 0.1 0.289953
0.183333 0.116667 0.329088
0.183333 0.133333 0.367321
0.183333 0.15 0.404547
0.183333 0.166667 0.440664
0.183333 0.183333 0.475573
0.183333 0.2 0.509179
0.183333 0.216667 0.541389
0.183333 0.233333 0.572115
0.183333 0.25 0.601273
0.183333 0.266667 0.628783
0.183333 0.283333 0.65457
0.183333 0.3 0.678563
0.183333 0.316667 0.700695
0.183333 0.333333 0.720907
0.183333 0.35 0.739144
0.183333 0.366667 0.755354
0.183333 0.383333 0.769494
0.183333 0.4 0.781524
0.183333 0.416667 0.791413
0.183333 0.433333 0.799132
0.183333 0.45 0.804662
0.183333 0.466667 0.807986
0.183333 0.483333 0.809096
0.183333 0.5 0.807989
0.183333 0.516667 0.804667
0.183333 0.533333 0.79914
0.183333 0.55 0.791423
0.183333 0.566667 0.781536
0.183333 0.583333 0.769507
0.183333 0.6 0.755369
0.183333 0.616667 0.739161
0.183333 0.633333 0.720926
0.183333 0.65 0.700716
0.183333 0.666667 0.678585
0.183333 0.683333 0.654595
0.183333 0.7 0.62881
0.183333 0.716667 0.601303
0.183333 0.733333 0.572147
0.183333 0.75 0.541424
0.183333 0.766667 0.509217
0.183333 0.783333 0.475615
0.183333 0.8 0.44071
0.183333 0.816667 0.404597
0.183333 0.833333 0.367376
0.183333 0.85 0.329149
0.183333 0.866667 0.29002
0.183333 0.883333 0.250098
0.183333 0.9 0.20949
0.183333 0.916667 0.168309
0.183333 0.933333 0.126668
0.183333 0.95 0.0846803
0.183333 0.966667 0.0424613
0.2 0 0.0406767
0.2 0.0166667 0.0812418
0.2 0.0333333 0.121584
0.2 0.05 0.161594
0.2 0.0666667 0.20116
0.2 0.0833333 0.240175
0.2 0.1 0.278532
0.2 0.116667 0.316125
0.2 0.133333 0.352852
0.2 0.15 0.388611
0.2 0.166667 0.423306
0.2 0.183333 0.45684
0.2 0.2 0.489122
0.2 0.216667 0.520063
0.2 0.233333 0.549579
0.2 0.25 0.577589
0.2 0.266667 0.604015
0.2 0.283333 0.628786
0.2 0.3 0.651834
0.2 0.316667 0.673094
0.2 0.333333 0.69251
0.2 0.35 0.710028
0.2 0.366667 0.7256
0.2 0.383333 0.739183
0.2 0.4 0.750739
0.2 0.416667 0.760239
0.2 0.433333 0.767654
0.2 0.45 0.772966
0.2 0.466667 0.776159
0.2 0.483333 0.777225
0.2 0.5 0.776162
0.2 0.516667 0.772971
0.2 0.533333 0.767662
0.2 0.55 0.760249
0.2 0.566667 0.750751
0.2 0.583333 0.739197
0.2 0.6 0.725615
0.2 0.616667 0.710046
0.2 0.633333 0.69253
0.2 0.65 0.673115
0.2 0.666667 0.651857
0.2 0.683333 0.628811
0.2 0.7 0.604043
0.2 0.716667 0.577619
0.2 0.733333 0.549612
0.2 0.75 0.520099
0.2 0.766667 0.489161
0.2 0.783333 0.456882
0.2 0.8 0.423352
0.2 0.816667 0.388662
0.2 0.833333 0.352907
0.2 0.85 0.316186
0.2 0.866667 0.278598
0.2 0.883333 0.240248
0.2 0.9 0.20124
0.2 0.916667 0.161681
0.2 0.933333 0.12168
0.2 0.95 0.0813454
0.2 0.966667 0.0407891
0.216667 0 0.0388972
0.216667 0.0166667 0.0776877
0.216667 0.0333333 0.116265
0.216667 0.05 0.154524
0.216667 0.0666667 0.19236
0.216667 0.0833333 0.229668
0.216667 0.1 0.266346
0.216667 0.116667 0.302295
0.216667 0.133333 0.337415
0.216667 0.15 0.37161
0.216667 0.166667 0.404787
0.216667 0.183333 0.436854
0.216667 0.2 0.467724
0.216667 0.216667 0.497312
0.216667 0.233333 0.525536
0.216667 0.25 0.552321
0.216667 0.266667 0.577591
0.216667 0.283333 0.601278
0.216667 0.3 0.623317
0.216667 0.316667 0.643648
0.216667 0.333333 0.662215
0.216667 0.35 0.678966
0.216667 0.366667 0.693857
0.216667 0.383333 0.706845
0.216667 0.4 0.717896
0.216667 0.416667 0.72698
0.216667 0.433333 0.734071
0.216667 0.45 0.73915
0.216667 0.466667 0.742204
0.216667 0.483333 0.743224
0.216667 0.5 0.742207
0.216667 0.516667 0.739155
0.216667 0.533333 0.734079
0.216667 0.55 0.72699
0.216667 0.566667 0.717908
0.216667 0.583333 0.706859
0.216667 0.6 0.693872
0.216667 0.616667 0.678984
0.216667 0.633333 0.662234
0.216667 0.65 0.643669
0.216667 0.666667 0.623341
0.216667 0.683333 0.601304
0.216667 0.7 0.577619
0.216667 0.716667 0.552351
0.216667 0.733333 0.525569
0.216667 0.75 0.497347
0.216667 0.766667 0.467763
0.216667 0.783333 0.436896
0.216667 0.8 0.404833
0.216667 0.816667 0.37166
0.216667 0.833333 0.33747
0.216667 0.85 0.302355
0.216667 0.866667 0.266412
0.216667 0.883333 0.229739
0.216667 0.9 0.192437
0.216667 0.916667 0.154609
0.216667 0.933333 0.116357
0.216667 0.95 0.0777874
0.216667 0.966667 0.039005
0.233333 0 0.037011
0.233333 0.0166667 0.0739206
0.233333 0.0333333 0.110628
0.233333 0.05 0.147031
0.233333 0.0666667 0.183032
0.233333 0.0833333 0.218531
0.233333 0.1 0.253431
0.233333 0.116667 0.287637
0.233333 0.133333 0.321054
0.233333 0.15 0.353591
0.233333 0.166667 0.385159
0.233333 0.183333 0.415671
0.233333 0.2 0.445044
0.233333 0.216667 0.473197
0.233333 0.233333 0.500053
0.233333 0.25 0.525538
0.233333 0.266667 0.549583
0.233333 0.283333 0.572122
0.233333 0.3 0.593092
0.233333 0.316667 0.612437
0.233333 0.333333 0.630104
0.233333 0.35 0.646043
0.233333 0.366667 0.660211
0.233333 0.383333 0.67257
0.233333 0.4 0.683085
0.233333 0.416667 0.691728
0.233333 0.433333 0.698476
0.233333 0.45 0.703308
0.233333 0.466667 0.706214
0.233333 0.483333 0.707184
0.233333 0.5 0.706216
0.233333 0.516667 0.703314
0.233333 0.533333 0.698483
0.233333 0.55 0.691738
0.233333 0.566667 0.683097
0.233333 0.583333 0.672584
0.233333 0.6 0.660227
0.233333 0.616667 0.64606
0.233333 0.633333 0.630123
0.233333 0.65 0.612459
0.233333 0.666667 0.593116
0.233333 0.683333 0.572147
0.233333 0.7 0.549611
0.233333 0.716667 0.525568
0.233333 0.733333 0.500085
0.233333 0.75 0.473232
0.233333 0.766667 0.445082
0.233333 0.783333 0.415712
0.233333 0.8 0.385204
0.233333 0.816667 0.35364
0.233333 0.833333 0.321107
0.233333 0.85 0.287695
0.233333 0.866667 0.253495
0.233333 0.883333 0.2186
0.233333 0.9 0.183107
0.233333 0.916667 0.147113
0.233333 0.933333 0.110716
0.233333 0.95 0.0740159
0.233333 0.966667 0.0371138
0.25 0 0.0350234
0.25 0.0166667 0.0699508
0.25 0.0333333 0.104686
0.25 0.05 0.139135
0.25 0.0666667 0.173203
0.25 0.0833333 0.206795
0.25 0.1 0.239821
0.25 0.116667 0.27219
0.25 0.133333 0.303812
0.25 0.15 0.334602
0.25 0.166667 0.364474
0.25 0.183333 0.393348
0.25 0.2 0.421143
0.25 0.216667 0.447785
0.25 0.233333 0.473198
0.25 0.25 0.497315
0.25 0.266667 0.520069
0.25 0.283333 0.541397
0.25 0.3 0.561241
0.25 0.316667 0.579547
0.25 0.333333 0.596265
0.25 0.35 0.611348
0.25 0.366667 0.624756
0.25 0.383333 0.636451
0.25 0.4 0.646401
0.25 0.416667 0.65458
0.25 0.433333 0.660965
0.25 0.45 0.665538
0.25 0.466667 0.668288
0.25 0.483333 0.669206
0.25 0.5 0.66829
0.25 0.516667 0.665543
0.25 0.533333 0.660972
0.25 0.55 0.65459
0.25 0.566667 0.646413
0.25 0.583333 0.636464
0.25 0.6 0.624771
0.25 0.616667 0.611365
0.25 0.633333 0.596284
0.25 0.65 0.579568
0.25 0.666667 0.561264
0.25 0.683333 0.541422
0.25 0.7 0.520096
0.25 0.716667 0.497344
0.25 0.733333 0.47323
0.25 0.75 0.447819
0.25 0.766667 0.421181
0.25 0.783333 0.393388
0.25 0.8 0.364518
0.25 0.816667 0.334649
0.25 0.833333 0.303864
0.25 0.85 0.272246
0.25 0.866667 0.239882
0.25 0.883333 0.206861
0.25 0.9 0.173274
0.25 0.916667 0.139213
0.25 0.933333 0.10477
0.25 0.95 0.0700414
0.25 0.966667 0.0351209
0.266667 0 0.0329398
0.266667 0.0166667 0.0657892
0.266667 0.0333333 0.0984584
0.266667 0.05 0.130858
0.266667 0.0666667 0.162898
0.266667 0.0833333 0.194492
0.266667 0.1 0.225553
0.266667 0.116667 0.255996
0.266667 0.133333 0.285737
0.266667 0.15 0.314695
0.266667 0.166667 0.342791
0.266667 0.183333 0.369947
0.266667 0.2 0.396088
0.266667 0.216667 0.421145
0.266667 0.233333 0.445047
0.266667 0.25 0.467729
0.266667 0.266667 0.489129
0.266667 0.283333 0.509188
0.266667 0.3 0.527852
0.266667 0.316667 0.545069
0.266667 0.333333 0.560791
0.266667 0.35 0.574977
0.266667 0.366667 0.587587
0.266667 0.383333 0.598586
0.266667 0.4 0.607945
0.266667 0.416667 0.615637
0.266667 0.433333 0.621642
0.266667 0.45 0.625944
0.266667 0.466667 0.62853
0.266667 0.483333 0.629393
0.266667 0.5 0.628532
0.266667 0.516667 0.625948
0.266667 0.533333 0.621649
0.266667 0.55 0.615647
0.266667 0.566667 0.607956
0.266667 0.583333 0.5986
0.266667 0.6 0.587602
0.266667 0.616667 0.574994
0.266667 0.633333 0.56081
0.266667 0.65 0.545089
0.266667 0.666667 0.527874
0.266667 0.683333 0.509212
0.266667 0.7 0.489155
0.266667 0.716667 0.467757
0.266667 0.733333 0.445077
0.266667 0.75 0.421178
0.266667 0.766667 0.396125
0.266667 0.783333 0.369986
0.266667 0.8 0.342833
0.266667 0.816667 0.314741
0.266667 0.833333 0.285787
0.266667 0.85 0.25605
0.266667 0.866667 0.225612
0.266667 0.883333 0.194556
0.266667 0.9 0.162967
0.266667 0.916667 0.130931
0.266667 0.933333 0.0985378
0.266667 0.95 0.0658747
0.266667 0.966667 0.0330316
0.283333 0 0.0307658
0.283333 0.0166667 0.0614473
0.283333 0.0333333 0.0919604
0.283333 0.05 0.122221
0.283333 0.0666667 0.152147
0.283333 0.0833333 0.181656
0.283333 0.1 0.210668
0.283333 0.116667 0.239101
0.283333 0.133333 0.266879
0.283333 0.15 0.293926
0.283333 0.166667 0.320167
0.283333 0.183333 0.345531
0.283333 0.2 0.369948
0.283333 0.216667 0.39335
0.283333 0.233333 0.415675
0.283333 0.25 0.43686
0.283333 0.266667 0.456847
0.283333 0.283333 0.475583
0.283333 0.3 0.493015
0.283333 0.316667 0.509095
0.283333 0.333333 0.523781
0.283333 0.35 0.53703
0.283333 0.366667 0.548808
0.283333 0.383333 0.559081
0.283333 0.4 0.567822
0.283333 0.416667 0.575007
0.283333 0.433333 0.580616
0.283333 0.45 0.584633
0.283333 0.466667 0.587048
0.283333 0.483333 0.587855
0.283333 0.5 0.58705
0.283333 0.516667 0.584637
0.283333 0.533333 0.580622
0.283333 0.55 0.575016
0.283333 0.566667 0.567833
0.283333 0.583333 0.559094
0.283333 0.6 0.548822
0.283333 0.616667 0.537047
0.283333 0.633333 0.523799
0.283333 0.65 0.509115
0.283333 0.666667 0.493036
0.283333 0.683333 0.475606
0.283333 0.7 0.456873
0.283333 0.716667 0.436887
0.283333 0.733333 0.415704
0.283333 0.75 0.393382
0.283333 0.766667 0.369982
0.283333 0.783333 0.345569
0.283333 0.8 0.320208
0.283333 0.816667 0.29397
0.283333 0.833333 0.266927
0.283333 0.85 0.239152
0.283333 0.866667 0.210723
0.283333 0.883333 0.181716
0.283333 0.9 0.152212
0.283333 0.916667 0.122291
0.283333 0.933333 0.092035
0.283333 0.95 0.0615274
0.283333 0.966667 0.0308518
0.3 0 0.0285075
0.3 0.0166667 0.0569369
0.3 0.0333333 0.0852103
0.3 0.05 0.11325
0.3 0.0666667 0.140979
0.3 0.0833333 0.168322
0.3 0.1 0.195204
0.3 0.116667 0.221551
0.3 0.133333 0.24729
0.3 0.15 0.272351
0.3 0.166667 0.296666
0.3 0.183333 0.320168
0.3 0.2 0.342793
0.3 0.216667 0.364477
0.3 0.233333 0.385163
0.3 0.25 0.404793
0.3 0.266667 0.423314
0.3 0.283333 0.440674
0.3 0.3 0.456826
0.3 0.316667 0.471727
0.3 0.333333 0.485334
0.3 0.35 0.497611
0.3 0.366667 0.508524
0.3 0.383333 0.518043
0.3 0.4 0.526143
0.3 0.416667 0.5328
0.3 0.433333 0.537997
0.3 0.45 0.54172
0.3 0.466667 0.543958
0.3 0.483333 0.544705
0.3 0.5 0.54396
0.3 0.516667 0.541724
0.3 0.533333 0.538003
0.3 0.55 0.532808
0.3 0.566667 0.526153
0.3 0.583333 0.518055
0.3 0.6 0.508538
0.3 0.616667 0.497626
0.3 0.633333 0.485351
0.3 0.65 0.471746
0.3 0.666667 0.456847
0.3 0.683333 0.440696
0.3 0.7 0.423338
0.3 0.716667 0.404819
0.3 0.733333 0.385191
0.3 0.75 0.364508
0.3 0.766667 0.342825
0.3 0.783333 0.320204
0.3 0.8 0.296705
0.3 0.816667 0.272393
0.3 0.833333 0.247334
0.3 0.85 0.221599
0.3 0.866667 0.195256
0.3 0.883333 0.168378
0.3 0.9 0.14104
0.3 0.916667 0.113315
0.3 0.933333 0.0852797
0.3 0.95 0.0570114
0.3 0.966667 0.0285873
0.316667 0 0.0261711
0.316667 0.0166667 0.0522705
0.316667 0.0333333 0.0782266
0.316667 0.05 0.103968
0.316667 0.0666667 0.129425
0.316667 0.0833333 0.154527
0.316667 0.1 0.179205
0.316667 0.116667 0.203393
0.316667 0.133333 0.227022
0.316667 0.15 0.25003
0.316667 0.166667 0.272352
0.316667 0.183333 0.293928
0.316667 0.2 0.314698
0.316667 0.216667 0.334605
0.316667 0.233333 0.353596
0.316667 0.25 0.371617
0.316667 0.266667 0.388619
0.316667 0.283333 0.404557
0.316667 0.3 0.419385
0.316667 0.316667 0.433064
0.316667 0.333333 0.445557
0.316667 0.35 0.456827
0.316667 0.366667 0.466846
0.316667 0.383333 0.475585
0.316667 0.4 0.483021
0.316667 0.416667 0.489132
0.316667 0.433333 0.493903
0.316667 0.45 0.497321
0.316667 0.466667 0.499375
0.316667 0.483333 0.500062
0.316667 0.5 0.499377
0.316667 0.516667 0.497325
0.316667 0.533333 0.493909
0.316667 0.55 0.48914
0.316667 0.566667 0.48303
0.316667 0.583333 0.475596
0.316667 0.6 0.466859
0.316667 0.616667 0.456842
0.316667 0.633333 0.445573
0.316667 0.65 0.433082
0.316667 0.666667 0.419405
0.316667 0.683333 0.404578
0.316667 0.7 0.388642
0.316667 0.716667 0.371642
0.316667 0.733333 0.353622
0.316667 0.75 0.334634
0.316667 0.766667 0.314729
0.316667 0.783333 0.293961
0.316667 0.8 0.272388
0.316667 0.816667 0.250068
0.316667 0.833333 0.227064
0.316667 0.85 0.203437
0.316667 0.866667 0.179253
0.316667 0.883333 0.154579
0.316667 0.9 0.129481
0.316667 0.916667 0.104028
0.316667 0.933333 0.0782905
0.316667 0.95 0.052339
0.316667 0.966667 0.0262444
0.333333 0 0.0237629
0.333333 0.0166667 0.0474607
0.333333 0.0333333 0.0710284
0.333333 0.05 0.0944014
0.333333 0.0666667 0.117516
0.333333 0.0833333 0.140308
0.333333 0.1 0.162715
0.333333 0.116667 0.184677
0.333333 0.133333 0.206132
0.333333 0.15 0.227023
0.333333 0.166667 0.247291
0.333333 0.183333 0.266881
0.333333 0.2 0.28574
0.333333 0.216667 0.303816
0.333333 0.233333 0.321059
0.333333 0.25 0.337422
0.333333 0.266667 0.35286
0.333333 0.283333 0.367331
0.333333 0.3 0.380795
0.333333 0.316667 0.393215
0.333333 0.333333 0.404558
0.333333 0.35 0.414791
0.333333 0.366667 0.423888
0.333333 0.383333 0.431823
0.333333 0.4 0.438575
0.333333 0.416667 0.444124
0.333333 0.433333 0.448456
0.333333 0.45 0.451559
0.333333 0.466667 0.453424
0.333333 0.483333 0.454047
0.333333 0.5 0.453426
0.333333 0.516667 0.451562
0.333333 0.533333 0.448461
0.333333 0.55 0.444131
0.333333 0.566667 0.438583
0.333333 0.583333 0.431833
0.333333 0.6 0.4239
0.333333 0.616667 0.414805
0.333333 0.633333 0.404573
0.333333 0.65 0.393232
0.333333 0.666667 0.380813
0.333333 0.683333 0.36735
0.333333 0.7 0.352881
0.333333 0.716667 0.337445
0.333333 0.733333 0.321084
0.333333 0.75 0.303842
0.333333 0.766667 0.285769
0.333333 0.783333 0.266912
0.333333 0.8 0.247324
0.333333 0.816667 0.227058
0.333333 0.833333 0.206171
0.333333 0.85 0.184718
0.333333 0.866667 0.162759
0.333333 0.883333 0.140355
0.333333 0.9 0.117566
0.333333 0.916667 0.0944558
0.333333 0.933333 0.0710867
0.333333 0.95 0.0475231
0.333333 0.966667 0.0238295
0.35 0 0.0212896
0.35 0.0166667 0.0425208
0.35 0.0333333 0.0636355
0.35 0.05 0.0845757
0.35 0.0666667 0.105284
0.35 0.0833333 0.125704
0.35 0.1 0.145779
0.35 0.116667 0.165455
0.35 0.133333 0.184677
0.35 0.15 0.203393
0.35 0.166667 0.221552
0.35 0.183333 0.239103
0.35 0.2 0.255999
0.35 0.216667 0.272193
0.35 0.233333 0.287642
0.35 0.25 0.302301
0.35 0.266667 0.316133
0.35 0.283333 0.329097
0.35 0.3 0.34116
0.35 0.316667 0.352288
0.35 0.333333 0.36245
0.35 0.35 0.371618
0.35 0.366667 0.379768
0.35 0.383333 0.386877
0.35 0.4 0.392926
0.35 0.416667 0.397898
0.35 0.433333 0.401779
0.35 0.45 0.404559
0.35 0.466667 0.40623
0.35 0.483333 0.406788
0.35 0.5 0.406232
0.35 0.516667 0.404562
0.35 0.533333 0.401783
0.35 0.55 0.397904
0.35 0.566667 0.392934
0.35 0.583333 0.386886
0.35 0.6 0.379779
0.35 0.616667 0.37163
0.35 0.633333 0.362463
0.35 0.65 0.352303
0.35 0.666667 0.341177
0.35 0.683333 0.329115
0.35 0.7 0.316152
0.35 0.716667 0.302323
0.35 0.733333 0.287664
0.35 0.75 0.272218
0.35 0.766667 0.256025
0.35 0.783333 0.239131
0.35 0.8 0.221582
0.35 0.816667 0.203426
0.35 0.833333 0.184712
0.35 0.85 0.165492
0.35 0.866667 0.145819
0.35 0.883333 0.125747
0.35 0.9 0.10533
0.35 0.916667 0.0846247
0.35 0.933333 0.0636879
0.35 0.95 0.0425768
0.35 0.966667 0.0213493
0.366667 0 0.0187579
0.366667 0.0166667 0.0374643
0.366667 0.0333333 0.0560681
0.366667 0.05 0.0745182
0.366667 0.0666667 0.092764
0.366667 0.0833333 0.110756
0.366667 0.1 0.128444
0.366667 0.116667 0.14578
0.366667 0.133333 0.162716
0.366667 0.15 0.179206
0.366667 0.166667 0.195206
0.366667 0.183333 0.21067
0.366667 0.2 0.225556
0.366667 0.216667 0.239825
0.366667 0.233333 0.253436
0.366667 0.25 0.266353
0.366667 0.266667 0.278539
0.366667 0.283333 0.289962
0.366667 0.3 0.30059
0.366667 0.316667 0.310395
0.366667 0.333333 0.319348
0.366667 0.35 0.327426
0.366667 0.366667 0.334607
0.366667 0.383333 0.340871
0.366667 0.4 0.3462
0.366667 0.416667 0.350581
0.366667 0.433333 0.354
0.366667 0.45 0.35645
0.366667 0.466667 0.357922
0.366667 0.483333 0.358414
0.366667 0.5 0.357924
0.366667 0.516667 0.356452
0.366667 0.533333 0.354004
0.366667 0.55 0.350586
0.366667 0.566667 0.346207
0.366667 0.583333 0.340879
0.366667 0.6 0.334617
0.366667 0.616667 0.327437
0.366667 0.633333 0.31936
0.366667 0.65 0.310408
0.366667 0.666667 0.300605
0.366667 0.683333 0.289978
0.366667 0.7 0.278557
0.366667 0.716667 0.266371
0.366667 0.733333 0.253456
0.366667 0.75 0.239847
0.366667 0.766667 0.22558
0.366667 0.783333 0.210695
0.366667 0.8 0.195232
0.366667 0.816667 0.179235
0.366667 0.833333 0.162747
0.366667 0.85 0.145813
0.366667 0.866667 0.128479
0.366667 0.883333 0.110794
0.366667 0.9 0.0928046
0.366667 0.916667 0.0745615
0.366667 0.933333 0.0561144
0.366667 0.95 0.0375138
0.366667 0.966667 0.0188106
0.383333 0 0.0161747
0.383333 0.0166667 0.0323051
0.383333 0.0333333 0.048347
0.383333 0.05 0.0642564
0.383333 0.0666667 0.0799896
0.383333 0.0833333 0.0955036
0.383333 0.1 0.110756
0.383333 0.116667 0.125704
0.383333 0.133333 0.140309
0.383333 0.15 0.154528
0.383333 0.166667 0.168324
0.383333 0.183333 0.181659
0.383333 0.2 0.194495
0.383333 0.216667 0.206799
0.383333 0.233333 0.218536
0.383333 0.25 0.229673
0.383333 0.266667 0.240182
0.383333 0.283333 0.250032
0.383333 0.3 0.259196
0.383333 0.316667 0.26765
0.383333 0.333333 0.275371
0.383333 0.35 0.282337
0.383333 0.366667 0.288529
0.383333 0.383333 0.29393
0.383333 0.4 0.298525
0.383333 0.416667 0.302303
0.383333 0.433333 0.305251
0.383333 0.45 0.307363
0.383333 0.466667 0.308633
0.383333 0.483333 0.309057
0.383333 0.5 0.308634
0.383333 0.516667 0.307366
0.383333 0.533333 0.305255
0.383333 0.55 0.302307
0.383333 0.566667 0.298531
0.383333 0.583333 0.293937
0.383333 0.6 0.288537
0.383333 0.616667 0.282346
0.383333 0.633333 0.275382
0.383333 0.65 0.267662
0.383333 0.666667 0.259209
0.383333 0.683333 0.250046
0.383333 0.7 0.240197
0.383333 0.716667 0.22969
0.383333 0.733333 0.218553
0.383333 0.75 0.206818
0.383333 0.766667 0.194516
0.383333 0.783333 0.181681
0.383333 0.8 0.168348
0.383333 0.816667 0.154553
0.383333 0.833333 0.140335
0.383333 0.85 0.125733
0.383333 0.866667 0.110787
0.383333 0.883333 0.0955365
0.383333 0.9 0.0800247
0.383333 0.916667 0.0642939
0.383333 0.933333 0.0483871
0.383333 0.95 0.0323479
0.383333 0.966667 0.0162202
0.4 0 0.0135473
0.4 0.0166667 0.0270574
0.4 0.0333333 0.0404934
0.4 0.05 0.0538184
0.4 0.0666667 0.0669959
0.4 0.0833333 0.0799897
0.4 0.1 0.0927643
0.4 0.116667 0.105285
0.4 0.133333 0.117516
0.4 0.15 0.129426
0.4 0.166667 0.140981
0.4 0.183333 0.152149
0.4 0.2 0.162901
0.4 0.216667 0.173206
0.4 0.233333 0.183036
0.4 0.25 0.192365
0.4 0.266667 0.201166
0.4 0.283333 0.209416
0.4 0.3 0.217092
0.4 0.316667 0.224173
0.4 0.333333 0.230639
0.4 0.35 0.236473
0.4 0.366667 0.241659
0.4 0.383333 0.246183
0.4 0.4 0.250032
0.4 0.416667 0.253196
0.4 0.433333 0.255665
0.4 0.45 0.257434
0.4 0.466667 0.258498
0.4 0.483333 0.258853
0.4 0.5 0.258499
0.4 0.516667 0.257436
0.4 0.533333 0.255668
0.4 0.55 0.2532
0.4 0.566667 0.250037
0.4 0.583333 0.246189
0.4 0.6 0.241666
0.4 0.616667 0.236481
0.4 0.633333 0.230648
0.4 0.65 0.224183
0.4 0.666667 0.217103
0.4 0.683333 0.209428
0.4 0.7 0.201179
0.4 0.716667 0.192379
0.4 0.733333 0.183051
0.4 0.75 0.173222
0.4 0.766667 0.162918
0.4 0.783333 0.152168
0.4 0.8 0.141001
0.4 0.816667 0.129447
0.4 0.833333 0.117539
0.4 0.85 0.105309
0.4 0.866667 0.0927903
0.4 0.883333 0.0800174
0.4 0.9 0.0670254
0.4 0.916667 0.0538499
0.4 0.933333 0.040527
0.4 0.95 0.0270932
0.4 0.966667 0.0135854
0.416667 0 0.0108827
0.416667 0.0166667 0.0217355
0.416667 0.0333333 0.0325288
0.416667 0.05 0.0432329
0.416667 0.0666667 0.0538185
0.416667 0.0833333 0.0642566
0.416667 0.1 0.0745185
0.416667 0.116667 0.0845762
0.416667 0.133333 0.0944022
0.416667 0.15 0.103969
0.416667 0.166667 0.113251
0.416667 0.183333 0.122223
0.416667 0.2 0.13086
0.416667 0.216667 0.139138
0.416667 0.233333 0.147035
0.416667 0.25 0.154529
0.416667 0.266667 0.161599
0.416667 0.283333 0.168226
0.416667 0.3 0.174392
0.416667 0.316667 0.18008
0.416667 0.333333 0.185275
0.416667 0.35 0.189961
0.416667 0.366667 0.194127
0.416667 0.383333 0.197761
0.416667 0.4 0.200853
0.416667 0.416667 0.203395
0.416667 0.433333 0.205379
0.416667 0.45 0.2068
0.416667 0.466667 0.207654
0.416667 0.483333 0.207939
0.416667 0.5 0.207655
0.416667 0.516667 0.206801
0.416667 0.533333 0.205381
0.416667 0.55 0.203398
0.416667 0.566667 0.200857
0.416667 0.583333 0.197766
0.416667 0.6 0.194133
0.416667 0.616667 0.189968
0.416667 0.633333 0.185282
0.416667 0.65 0.180088
0.416667 0.666667 0.174401
0.416667 0.683333 0.168236
0.416667 0.7 0.161609
0.416667 0.716667 0.15454
0.416667 0.733333 0.147047
0.416667 0.75 0.139151
0.416667 0.766667 0.130874
0.416667 0.783333 0.122238
0.416667 0.8 0.113268
0.416667 0.816667 0.103987
0.416667 0.833333 0.0944206
0.416667 0.85 0.084596
0.416667 0.866667 0.0745395
0.416667 0.883333 0.064279
0.416667 0.9 0.0538423
0.416667 0.916667 0.0432583
0.416667 0.933333 0.0325558
0.416667 0.95 0.0217643
0.416667 0.966667 0.0109133
0.433333 0 0.00818822
0.433333 0.0166667 0.016354
0.433333 0.0333333 0.0244749
0.433333 0.05 0.0325288
0.433333 0.0666667 0.0404935
0.433333 0.0833333 0.0483472
0.433333 0.1 0.0560684
0.433333 0.116667 0.063636
0.433333 0.133333 0.0710291
0.433333 0.15 0.0782275
0.433333 0.166667 0.0852115
0.433333 0.183333 0.0919619
0.433333 0.2 0.0984603
0.433333 0.216667 0.104689
0.433333 0.233333 0.11063
0.433333 0.25 0.116269
0.433333 0.266667 0.121588
0.433333 0.283333 0.126575
0.433333 0.3 0.131214
0.433333 0.316667 0.135494
0.433333 0.333333 0.139402
0.433333 0.35 0.142929
0.433333 0.366667 0.146063
0.433333 0.383333 0.148798
0.433333 0.4 0.151124
0.433333 0.416667 0.153036
0.433333 0.433333 0.154529
0.433333 0.45 0.155598
0.433333 0.466667 0.156241
0.433333 0.483333 0.156456
0.433333 0.5 0.156242
0.433333 0.516667 0.155599
0.433333 0.533333 0.154531
0.433333 0.55 0.153038
0.433333 0.566667 0.151127
0.433333 0.583333 0.148801
0.433333 0.6 0.146067
0.433333 0.616667 0.142934
0.433333 0.633333 0.139408
0.433333 0.65 0.1355
0.433333 0.666667 0.131221
0.433333 0.683333 0.126582
0.433333 0.7 0.121596
0.433333 0.716667 0.116277
0.433333 0.733333 0.11064
0.433333 0.75 0.104699
0.433333 0.766667 0.0984711
0.433333 0.783333 0.0919735
0.433333 0.8 0.0852238
0.433333 0.816667 0.0782406
0.433333 0.833333 0.0710431
0.433333 0.85 0.0636509
0.433333 0.866667 0.0560844
0.433333 0.883333 0.0483642
0.433333 0.9 0.0405116
0.433333 0.916667 0.032548
0.433333 0.933333 0.0244954
0.433333 0.95 0.0163757
0.433333 0.966667 0.00821129
0.45 0 0.00547133
0.45 0.0166667 0.0109277
0.45 0.0333333 0.016354
0.45 0.05 0.0217356
0.45 0.0666667 0.0270576
0.45 0.0833333 0.0323054
0.45 0.1 0.0374647
0.45 0.116667 0.0425213
0.45 0.133333 0.0474613
0.45 0.15 0.0522712
0.45 0.166667 0.0569379
0.45 0.183333 0.0614485
0.45 0.2 0.0657907
0.45 0.216667 0.0699526
0.45 0.233333 0.0739227
0.45 0.25 0.0776902
0.45 0.266667 0.0812448
0.45 0.283333 0.0845767
0.45 0.3 0.0876767
0.45 0.316667 0.0905365
0.45 0.333333 0.0931481
0.45 0.35 0.0955044
0.45 0.366667 0.0975989
0.45 0.383333 0.0994259
0.45 0.4 0.10098
0.45 0.416667 0.102258
0.45 0.433333 0.103255
0.45 0.45 0.10397
0.45 0.466667 0.104399
0.45 0.483333 0.104543
0.45 0.5 0.1044
0.45 0.516667 0.103971
0.45 0.533333 0.103257
0.45 0.55 0.10226
0.45 0.566667 0.100982
0.45 0.583333 0.0994282
0.45 0.6 0.0976016
0.45 0.616667 0.0955075
0.45 0.633333 0.0931517
0.45 0.65 0.0905405
0.45 0.666667 0.0876812
0.45 0.683333 0.0845816
0.45 0.7 0.0812502
0.45 0.716667 0.077696
0.45 0.733333 0.073929
0.45 0.75 0.0699593
0.45 0.766667 0.065798
0.45 0.783333 0.0614563
0.45 0.8 0.0569462
0.45 0.816667 0.0522801
0.45 0.833333 0.0474707
0.45 0.85 0.0425313
0.45 0.866667 0.0374753
0.45 0.883333 0.0323168
0.45 0.9 0.0270697
0.45 0.916667 0.0217485
0.45 0.933333 0.0163677
0.45 0.95 0.0109422
0.45 0.966667 0.00548675
0.466667 0 0.00273944
0.466667 0.0166667 0.00547137
0.466667 0.0333333 0.00818831
0.466667 0.05 0.0108828
0.466667 0.0666667 0.0135475
0.466667 0.0833333 0.016175
0.466667 0.1 0.0187582
0.466667 0.116667 0.02129
0.466667 0.133333 0.0237634
0.466667 0.15 0.0261717
0.466667 0.166667 0.0285082
0.466667 0.183333 0.0307667
0.466667 0.2 0.0329407
0.466667 0.216667 0.0350245
0.466667 0.233333 0.0370124
0.466667 0.25 0.0388987
0.466667 0.266667 0.0406784
0.466667 0.283333 0.0423467
0.466667 0.3 0.0438988
0.466667 0.316667 0.0453307
0.466667 0.333333 0.0466383
0.466667 0.35 0.0478181
0.466667 0.366667 0.0488668
0.466667 0.383333 0.0497815
0.466667 0.4 0.0505598
0.466667 0.416667 0.0511996
0.466667 0.433333 0.051699
0.466667 0.45 0.0520567
0.466667 0.466667 0.0522717
0.466667 0.483333 0.0523436
0.466667 0.5 0.0522719
0.466667 0.516667 0.0520571
0.466667 0.533333 0.0516996
0.466667 0.55 0.0512003
0.466667 0.566667 0.0505608
0.466667 0.583333 0.0497827
0.466667 0.6 0.0488681
0.466667 0.616667 0.0478196
0.466667 0.633333 0.0466401
0.466667 0.65 0.0453327
0.466667 0.666667 0.0439011
0.466667 0.683333 0.0423491
0.466667 0.7 0.0406811
0.466667 0.716667 0.0389016
0.466667 0.733333 0.0370155
0.466667 0.75 0.035028
0.466667 0.766667 0.0329444
0.466667 0.783333 0.0307706
0.466667 0.8 0.0285124
0.466667 0.816667 0.0261761
0.466667 0.833333 0.0237681
0.466667 0.85 0.021295
0.466667 0.866667 0.0187635
0.466667 0.883333 0.0161807
0.466667 0.9 0.0135535
0.466667 0.916667 0.0108892
0.466667 0.933333 0.00819516
0.466667 0.95 0.00547864
0.466667 0.966667 0.00274717
0.483333 0 3.96414e-08
0.483333 0.0166667 7.91742e-08
0.483333 0.0333333 1.1849e-07
0.483333 0.05 1.57481e-07
0.483333 0.0666667 1.9604e-07
0.483333 0.0833333 2.34062e-07
0.483333 0.1 2.71443e-07
0.483333 0.116667 3.08079e-07
0.483333 0.133333 3.43871e-07
0.483333 0.15 3.78721e-07
0.483333 0.166667 4.12532e-07
0.483333 0.183333 4.45213e-07
0.483333 0.2 4.76674e-07
0.483333 0.216667 5.06828e-07
0.483333 0.233333 5.35592e-07
0.483333 0.25 5.62889e-07
0.483333 0.266667 5.88643e-07
0.483333 0.283333 6.12783e-07
0.483333 0.3 6.35244e-07
0.483333 0.316667 6.55964e-07
0.483333 0.333333 6.74886e-07
0.483333 0.35 6.91958e-07
0.483333 0.366667 7.07133e-07
0.483333 0.383333 7.2037e-07
0.483333 0.4 7.31633e-07
0.483333 0.416667 7.4089e-07
0.483333 0.433333 7.48117e-07
0.483333 0.45 7.53294e-07
0.483333 0.466667 7.56406e-07
0.483333 0.483333 7.57447e-07
0.483333 0.5 7.56411e-07
0.483333 0.516667 7.53304e-07
0.483333 0.533333 7.48132e-07
0.483333 0.55 7.4091e-07
0.483333 0.566667 7.31657e-07
0.483333 0.583333 7.204e-07
0.483333 0.6 7.07168e-07
0.483333 0.616667 6.91998e-07
0.483333 0.633333 6.74931e-07
0.483333 0.65 6.56014e-07
0.483333 0.666667 6.353e-07
0.483333 0.683333 6.12845e-07
0.483333 0.7 5.8871e-07
0.483333 0.716667 5.62962e-07
0.483333 0.733333 5.35672e-07
0.483333 0.75 5.06914e-07
0.483333 0.766667 4.76766e-07
0.483333 0.783333 4.45313e-07
0.483333 0.8 4.12639e-07
0.483333 0.816667 3.78835e-07
0.483333 0.833333 3.43993e-07
0.483333 0.85 3.08209e-07
0.483333 0.866667 2.71581e-07
0.483333 0.883333 2.34209e-07
0.483333 0.9 1.96196e-07
0.483333 0.916667 1.57646e-07
0.483333 0.933333 1.18665e-07
0.483333 0.95 7.93597e-08
0.483333 0.966667 3.98378e-08
0.5 0 -0.00273936
0.5 0.0166667 -0.00547121
0.5 0.0333333 -0.00818807
0.5 0.05 -0.0108825
0.5 0.0666667 -0.0135471
0.5 0.0833333 -0.0161745
0.5 0.1 -0.0187576
0.5 0.116667 -0.0212893
0.5 0.133333 -0.0237627
0.5 0.15 -0.0261709
0.5 0.166667 -0.0285074
0.5 0.183333 -0.0307658
0.5 0.2 -0.0329398
0.5 0.216667 -0.0350235
0.5 0.233333 -0.0370113
0.5 0.25 -0.0388976
0.5 0.266667 -0.0406773
0.5 0.283333 -0.0423455
0.5 0.3 -0.0438976
0.5 0.316667 -0.0453294
0.5 0.333333 -0.0466369
0.5 0.35 -0.0478167
0.5 0.366667 -0.0488653
0.5 0.383333 -0.0497801
0.5 0.4 -0.0505584
0.5 0.416667 -0.0511981
0.5 0.433333 -0.0516975
0.5 0.45 -0.0520552
0.5 0.466667 -0.0522702
0.5 0.483333 -0.0523421
0.5 0.5 -0.0522704
0.5 0.516667 -0.0520556
0.5 0.533333 -0.0516981
0.5 0.55 -0.0511989
0.5 0.566667 -0.0505593
0.5 0.583333 -0.0497813
0.5 0.6 -0.0488667
0.5 0.616667 -0.0478183
0.5 0.633333 -0.0466387
0.5 0.65 -0.0453314
0.5 0.666667 -0.0438998
0.5 0.683333 -0.0423479
0.5 0.7 -0.0406799
0.5 0.716667 -0.0389005
0.5 0.733333 -0.0370144
0.5 0.75 -0.035027
0.5 0.766667 -0.0329434
0.5 0.783333 -0.0307697
0.5 0.8 -0.0285116
0.5 0.816667 -0.0261754
0.5 0.833333 -0.0237674
0.5 0.85 -0.0212944
0.5 0.866667 -0.018763
0.5 0.883333 -0.0161802
0.5 0.9 -0.0135531
0.5 0.916667 -0.0108889
0.5 0.933333 -0.00819492
0.5 0.95 -0.00547848
0.5 0.966667 -0.00274709
0.516667 0 -0.00547125
0.516667 0.0166667 -0.0109275
0.516667 0.0333333 -0.0163538
0.516667 0.05 -0.0217353
0.516667 0.0666667 -0.0270572
0.516667 0.0833333 -0.0323049
0.516667 0.1 -0.0374641
0.516667 0.116667 -0.0425206
0.516667 0.133333 -0.0474606
0.516667 0.15 -0.0522705
0.516667 0.166667 -0.0569371
0.516667 0.183333 -0.0614477
0.516667 0.2 -0.0657898
0.516667 0.216667 -0.0699516
0.516667 0.233333 -0.0739216
0.516667 0.25 -0.0776891
0.516667 0.266667 -0.0812436
0.516667 0.283333 -0.0845755
0.516667 0.3 -0.0876755
0.516667 0.316667 -0.0905352
0.516667 0.333333 -0.0931467
0.516667 0.35 -0.095503
0.516667 0.366667 -0.0975975
0.516667 0.383333 -0.0994244
0.516667 0.4 -0.100979
0.516667 0.416667 -0.102257
0.516667 0.433333 -0.103254
0.516667 0.45 -0.103968
0.516667 0.466667 -0.104398
0.516667 0.483333 -0.104541
0.516667 0.5 -0.104398
0.516667 0.516667 -0.103969
0.516667 0.533333 -0.103255
0.516667 0.55 -0.102258
0.516667 0.566667 -0.100981
0.516667 0.583333 -0.0994268
0.516667 0.6 -0.0976002
0.516667 0.616667 -0.0955062
0.516667 0.633333 -0.0931503
0.516667 0.65 -0.0905392
0.516667 0.666667 -0.0876799
0.516667 0.683333 -0.0845804
0.516667 0.7 -0.081249
0.516667 0.716667 -0.0776949
0.516667 0.733333 -0.073928
0.516667 0.75 -0.0699583
0.516667 0.766667 -0.0657971
0.516667 0.783333 -0.0614554
0.516667 0.8 -0.0569454
0.516667 0.816667 -0.0522793
0.516667 0.833333 -0.04747
0.516667 0.85 -0.0425307
0.516667 0.866667 -0.0374748
0.516667 0.883333 -0.0323163
0.516667 0.9 -0.0270693
0.516667 0.916667 -0.0217482
0.516667 0.933333 -0.0163675
0.516667 0.95 -0.010942
0.516667 0.966667 -0.00548667
0.533333 0 -0.00818814
0.533333 0.0166667 -0.0163538
0.533333 0.0333333 -0.0244747
0.533333 0.05 -0.0325285
0.533333 0.0666667 -0.0404931
0.533333 0.0833333 -0.0483468
0.533333 0.1 -0.0560679
0.533333 0.116667 -0.0636354
0.533333 0.133333 -0.0710284
0.533333 0.15 -0.0782267
0.533333 0.166667 -0.0852107
0.533333 0.183333 -0.0919611
0.533333 0.2 -0.0984594
0.533333 0.216667 -0.104688
0.533333 0.233333 -0.110629
0.533333 0.25 -0.116268
0.533333 0.266667 -0.121587
0.533333 0.283333 -0.126574
0.533333 0.3 -0.131213
0.533333 0.316667 -0.135493
0.533333 0.333333 -0.139401
0.533333 0.35 -0.142927
0.533333 0.366667 -0.146062
0.533333 0.383333 -0.148796
0.533333 0.4 -0.151123
0.533333 0.416667 -0.153035
0.533333 0.433333 -0.154527
0.533333 0.45 -0.155597
0.533333 0.466667 -0.156239
0.533333 0.483333 -0.156454
0.533333 0.5 -0.15624
0.533333 0.516667 -0.155598
0.533333 0.533333 -0.154529
0.533333 0.55 -0.153037
0.533333 0.566667 -0.151125
0.533333 0.583333 -0.1488
0.533333 0.6 -0.146066
0.533333 0.616667 -0.142932
0.533333 0.633333 -0.139407
0.533333 0.65 -0.135499
0.533333 0.666667 -0.13122
0.533333 0.683333 -0.126581
0.533333 0.7 -0.121595
0.533333 0.716667 -0.116276
0.533333 0.733333 -0.110639
0.533333 0.75 -0.104698
0.533333 0.766667 -0.0984701
0.533333 0.783333 -0.0919726
0.533333 0.8 -0.085223
0.533333 0.816667 -0.0782399
0.533333 0.833333 -0.0710424
0.533333 0.85 -0.0636503
0.533333 0.866667 -0.0560838
0.533333 0.883333 -0.0483637
0.533333 0.9 -0.0405112
0.533333 0.916667 -0.0325477
0.533333 0.933333 -0.0244951
0.533333 0.95 -0.0163755
0.533333 0.966667 -0.00821121
0.55 0 -0.0108826
0.55 0.0166667 -0.0217353
0.55 0.0333333 -0.0325285
0.55 0.05 -0.0432326
0.55 0.0666667 -0.0538181
0.55 0.0833333 -0.0642561
0.55 0.1 -0.074518
0.55 0.116667 -0.0845756
0.55 0.133333 -0.0944015
0.55 0.15 -0.103969
0.55 0.166667 -0.113251
0.55 0.183333 -0.122222
0.55 0.2 -0.130859
0.55 0.216667 -0.139137
0.55 0.233333 -0.147034
0.55 0.25 -0.154527
0.55 0.266667 -0.161598
0.55 0.283333 -0.168225
0.55 0.3 -0.174391
0.55 0.316667 -0.180079
0.55 0.333333 -0.185273
0.55 0.35 -0.18996
0.55 0.366667 -0.194126
0.55 0.383333 -0.19776
0.55 0.4 -0.200852
0.55 0.416667 -0.203393
0.55 0.433333 -0.205377
0.55 0.45 -0.206798
0.55 0.466667 -0.207653
0.55 0.483333 -0.207938
0.55 0.5 -0.207653
0.55 0.516667 -0.2068
0.55 0.533333 -0.20538
0.55 0.55 -0.203396
0.55 0.566667 -0.200856
0.55 0.583333 -0.197765
0.55 0.6 -0.194132
0.55 0.616667 -0.189966
0.55 0.633333 -0.185281
0.55 0.65 -0.180087
0.55 0.666667 -0.1744
0.55 0.683333 -0.168234
0.55 0.7 -0.161608
0.55 0.716667 -0.154539
0.55 0.733333 -0.147046
0.55 0.75 -0.13915
0.55 0.766667 -0.130873
0.55 0.783333 -0.122238
0.55 0.8 -0.113267
0.55 0.816667 -0.103986
0.55 0.833333 -0.0944199
0.55 0.85 -0.0845954
0.55 0.866667 -0.074539
0.55 0.883333 -0.0642785
0.55 0.9 -0.053842
0.55 0.916667 -0.043258
0.55 0.933333 -0.0325556
0.55 0.95 -0.0217642
0.55 0.966667 -0.0109132
0.566667 0 -0.0135472
0.566667 0.0166667 -0.0270573
0.566667 0.0333333 -0.0404932
0.566667 0.05 -0.0538181
0.566667 0.0666667 -0.0669955
0.566667 0.0833333 -0.0799893
0.566667 0.1 -0.0927638
0.566667 0.116667 -0.105284
0.566667 0.133333 -0.117516
0.566667 0.15 -0.129425
0.566667 0.166667 -0.14098
0.566667 0.183333 -0.152149
0.566667 0.2 -0.1629
0.566667 0.216667 -0.173205
0.566667 0.233333 -0.183035
0.566667 0.25 -0.192364
0.566667 0.266667 -0.201165
0.566667 0.283333 -0.209415
0.566667 0.3 -0.21709
0.566667 0.316667 -0.224171
0.566667 0.333333 -0.230638
0.566667 0.35 -0.236472
0.566667 0.366667 -0.241658
0.566667 0.383333 -0.246182
0.566667 0.4 -0.250031
0.566667 0.416667 -0.253194
0.566667 0.433333 -0.255664
0.566667 0.45 -0.257433
0.566667 0.466667 -0.258497
0.566667 0.483333 -0.258852
0.566667 0.5 -0.258497
0.566667 0.516667 -0.257435
0.566667 0.533333 -0.255667
0.566667 0.55 -0.253198
0.566667 0.566667 -0.250036
0.566667 0.583333 -0.246188
0.566667 0.6 -0.241665
0.566667 0.616667 -0.23648
0.566667 0.633333 -0.230647
0.566667 0.65 -0.224181
0.566667 0.666667 -0.217101
0.566667 0.683333 -0.209427
0.566667 0.7 -0.201178
0.566667 0.716667 -0.192378
0.566667 0.733333 -0.18305
0.566667 0.75 -0.173221
0.566667 0.766667 -0.162917
0.566667 0.783333 -0.152167
0.566667 0.8 -0.141
0.566667 0.816667 -0.129447
0.566667 0.833333 -0.117539
0.566667 0.85 -0.105308
0.566667 0.866667 -0.0927897
0.566667 0.883333 -0.080017
0.566667 0.9 -0.0670251
0.566667 0.916667 -0.0538496
0.566667 0.933333 -0.0405268
0.566667 0.95 -0.0270931
0.566667 0.966667 -0.0135853
0.583333 0 -0.0161747
0.583333 0.0166667 -0.032305
0.583333 0.0333333 -0.0483468
0.583333 0.05 -0.0642561
0.583333 0.0666667 -0.0799892
0.583333 0.0833333 -0.0955031
0.583333 0.1 -0.110755
0.583333 0.116667 -0.125704
0.583333 0.133333 -0.140308
0.583333 0.15 -0.154527
0.583333 0.166667 -0.168323
0.583333 0.183333 -0.181658
0.583333 0.2 -0.194494
0.583333 0.216667 -0.206798
0.583333 0.233333 -0.218535
0.583333 0.25 -0.229672
0.583333 0.266667 -0.240181
0.583333 0.283333 -0.25003
0.583333 0.3 -0.259195
0.583333 0.316667 -0.267649
0.583333 0.333333 -0.27537
0.583333 0.35 -0.282336
0.583333 0.366667 -0.288527
0.583333 0.383333 -0.293929
0.583333 0.4 -0.298524
0.583333 0.416667 -0.302301
0.583333 0.433333 -0.30525
0.583333 0.45 -0.307362
0.583333 0.466667 -0.308632
0.583333 0.483333 -0.309056
0.583333 0.5 -0.308633
0.583333 0.516667 -0.307364
0.583333 0.533333 -0.305253
0.583333 0.55 -0.302306
0.583333 0.566667 -0.29853
0.583333 0.583333 -0.293935
0.583333 0.6 -0.288536
0.583333 0.616667 -0.282345
0.583333 0.633333 -0.27538
0.583333 0.65 -0.267661
0.583333 0.666667 -0.259208
0.583333 0.683333 -0.250045
0.583333 0.7 -0.240196
0.583333 0.716667 -0.229689
0.583333 0.733333 -0.218552
0.583333 0.75 -0.206817
0.583333 0.766667 -0.194515
0.583333 0.783333 -0.18168
0.583333 0.8 -0.168347
0.583333 0.816667 -0.154552
0.583333 0.833333 -0.140335
0.583333 0.85 -0.125733
0.583333 0.866667 -0.110786
0.583333 0.883333 -0.095536
0.583333 0.9 -0.0800244
0.583333 0.916667 -0.0642936
0.583333 0.933333 -0.0483868
0.583333 0.95 -0.0323477
0.583333 0.966667 -0.0162201
0.6 0 -0.0187578
0.6 0.0166667 -0.0374642
0.6 0.0333333 -0.0560679
0.6 0.05 -0.0745179
0.6 0.0666667 -0.0927637
0.6 0.0833333 -0.110755
0.6 0.1 -0.128443
0.6 0.116667 -0.145779
0.6 0.133333 -0.162715
0.6 0.15 -0.179206
0.6 0.166667 -0.195205
0.6 0.183333 -0.210669
0.6 0.2 -0.225556
0.6 0.216667 -0.239824
0.6 0.233333 -0.253435
0.6 0.25 -0.266352
0.6 0.266667 -0.278538
0.6 0.283333 -0.289961
0.6 0.3 -0.300589
0.6 0.316667 -0.310393
0.6 0.333333 -0.319347
0.6 0.35 -0.327425
0.6 0.366667 -0.334606
0.6 0.383333 -0.34087
0.6 0.4 -0.346199
0.6 0.416667 -0.350579
0.6 0.433333 -0.353999
0.6 0.45 -0.356448
0.6 0.466667 -0.357921
0.6 0.483333 -0.358413
0.6 0.5 -0.357922
0.6 0.516667 -0.356451
0.6 0.533333 -0.354003
0.6 0.55 -0.350585
0.6 0.566667 -0.346206
0.6 0.583333 -0.340878
0.6 0.6 -0.334615
0.6 0.616667 -0.327436
0.6 0.633333 -0.319359
0.6 0.65 -0.310407
0.6 0.666667 -0.300604
0.6 0.683333 -0.289977
0.6 0.7 -0.278555
0.6 0.716667 -0.26637
0.6 0.733333 -0.253455
0.6 0.75 -0.239846
0.6 0.766667 -0.225579
0.6 0.783333 -0.210694
0.6 0.8 -0.195232
0.6 0.816667 -0.179234
0.6 0.833333 -0.162746
0.6 0.85 -0.145812
0.6 0.866667 -0.128479
0.6 0.883333 -0.110793
0.6 0.9 -0.0928042
0.6 0.916667 -0.0745613
0.6 0.933333 -0.0561142
0.6 0.95 -0.0375136
0.6 0.966667 -0.0188105
0.616667 0 -0.0212895
0.616667 0.0166667 -0.0425206
0.616667 0.0333333 -0.0636352
0.616667 0.05 -0.0845754
0.616667 0.0666667 -0.105284
0.616667 0.0833333 -0.125704
0.616667 0.1 -0.145779
0.616667 0.116667 -0.165454
0.616667 0.133333 -0.184677
0.616667 0.15 -0.203393
0.616667 0.166667 -0.221551
0.616667 0.183333 -0.239102
0.616667 0.2 -0.255998
0.616667 0.216667 -0.272193
0.616667 0.233333 -0.287641
0.616667 0.25 -0.3023
0.616667 0.266667 -0.316132
0.616667 0.283333 -0.329096
0.616667 0.3 -0.341159
0.616667 0.316667 -0.352287
0.616667 0.333333 -0.362448
0.616667 0.35 -0.371617
0.616667 0.366667 -0.379767
0.616667 0.383333 -0.386876
0.616667 0.4 -0.392925
0.616667 0.416667 -0.397896
0.616667 0.433333 -0.401777
0.616667 0.45 -0.404557
0.616667 0.466667 -0.406229
0.616667 0.483333 -0.406787
0.616667 0.5 -0.40623
0.616667 0.516667 -0.40456
0.616667 0.533333 -0.401782
0.616667 0.55 -0.397902
0.616667 0.566667 -0.392932
0.616667 0.583333 -0.386885
0.616667 0.6 -0.379778
0.616667 0.616667 -0.371629
0.616667 0.633333 -0.362462
0.616667 0.65 -0.352302
0.616667 0.666667 -0.341175
0.616667 0.683333 -0.329114
0.616667 0.7 -0.316151
0.616667 0.716667 -0.302321
0.616667 0.733333 -0.287663
0.616667 0.75 -0.272217
0.616667 0.766667 -0.256024
0.616667 0.783333 -0.239131
0.616667 0.8 -0.221581
0.616667 0.816667 -0.203425
0.616667 0.833333 -0.184711
0.616667 0.85 -0.165492
0.616667 0.866667 -0.145819
0.616667 0.883333 -0.125746
0.616667 0.9 -0.10533
0.616667 0.916667 -0.0846244
0.616667 0.933333 -0.0636877
0.616667 0.95 -0.0425766
0.616667 0.966667 -0.0213493
0.633333 0 -0.0237628
0.633333 0.0166667 -0.0474605
0.633333 0.0333333 -0.0710282
0.633333 0.05 -0.0944011
0.633333 0.0666667 -0.117515
0.633333 0.0833333 -0.140307
0.633333 0.1 -0.162715
0.633333 0.116667 -0.184676
0.633333 0.133333 -0.206132
0.633333 0.15 -0.227022
0.633333 0.166667 -0.24729
0.633333 0.183333 -0.266881
0.633333 0.2 -0.285739
0.633333 0.216667 -0.303815
0.633333 0.233333 -0.321058
0.633333 0.25 -0.337421
0.633333 0.266667 -0.352859
0.633333 0.283333 -0.36733
0.633333 0.3 -0.380794
0.633333 0.316667 -0.393214
0.633333 0.333333 -0.404556
0.633333 0.35 -0.41479
0.633333 0.366667 -0.423887
0.633333 0.383333 -0.431822
0.633333 0.4 -0.438573
0.633333 0.416667 -0.444123
0.633333 0.433333 -0.448455
0.633333 0.45 -0.451558
0.633333 0.466667 -0.453423
0.633333 0.483333 -0.454046
0.633333 0.5 -0.453425
0.633333 0.516667 -0.451561
0.633333 0.533333 -0.44846
0.633333 0.55 -0.444129
0.633333 0.566667 -0.438582
0.633333 0.583333 -0.431832
0.633333 0.6 -0.423899
0.633333 0.616667 -0.414804
0.633333 0.633333 -0.404572
0.633333 0.65 -0.39323
0.633333 0.666667 -0.380812
0.633333 0.683333 -0.367349
0.633333 0.7 -0.35288
0.633333 0.716667 -0.337444
0.633333 0.733333 -0.321083
0.633333 0.75 -0.303842
0.633333 0.766667 -0.285768
0.633333 0.783333 -0.266911
0.633333 0.8 -0.247323
0.633333 0.816667 -0.227058
0.633333 0.833333 -0.20617
0.633333 0.85 -0.184717
0.633333 0.866667 -0.162759
0.633333 0.883333 -0.140355
0.633333 0.9 -0.117566
0.633333 0.916667 -0.0944556
0.633333 0.933333 -0.0710865
0.633333 0.95 -0.0475229
0.633333 0.966667 -0.0238295
0.65 0 -0.026171
0.65 0.0166667 -0.0522703
0.65 0.0333333 -0.0782263
0.65 0.05 -0.103968
0.65 0.0666667 -0.129425
0.65 0.0833333 -0.154527
0.65 0.1 -0.179205
0.65 0.116667 -0.203392
0.65 0.133333 -0.227022
0.65 0.15 -0.250029
0.65 0.166667 -0.272351
0.65 0.183333 -0.293927
0.65 0.2 -0.314697
0.65 0.216667 -0.334604
0.65 0.233333 -0.353595
0.65 0.25 -0.371616
0.65 0.266667 -0.388618
0.65 0.283333 -0.404556
0.65 0.3 -0.419384
0.65 0.316667 -0.433063
0.65 0.333333 -0.445555
0.65 0.35 -0.456826
0.65 0.366667 -0.466845
0.65 0.383333 -0.475584
0.65 0.4 -0.483019
0.65 0.416667 -0.489131
0.65 0.433333 -0.493902
0.65 0.45 -0.49732
0.65 0.466667 -0.499374
0.65 0.483333 -0.50006
0.65 0.5 -0.499376
0.65 0.516667 -0.497323
0.65 0.533333 -0.493908
0.65 0.55 -0.489139
0.65 0.566667 -0.483029
0.65 0.583333 -0.475595
0.65 0.6 -0.466858
0.65 0.616667 -0.456841
0.65 0.633333 -0.445572
0.65 0.65 -0.433081
0.65 0.666667 -0.419404
0.65 0.683333 -0.404577
0.65 0.7 -0.388641
0.65 0.716667 -0.371641
0.65 0.733333 -0.353621
0.65 0.75 -0.334633
0.65 0.766667 -0.314728
0.65 0.783333 -0.29396
0.65 0.8 -0.272387
0.65 0.816667 -0.250068
0.65 0.833333 -0.227063
0.65 0.85 -0.203437
0.65 0.866667 -0.179253
0.65 0.883333 -0.154578
0.65 0.9 -0.12948
0.65 0.916667 -0.104028
0.65 0.933333 -0.0782903
0.65 0.95 -0.0523389
0.65 0.966667 -0.0262443
0.666667 0 -0.0285075
0.666667 0.0166667 -0.0569368
0.666667 0.0333333 -0.0852101
0.666667 0.05 -0.11325
0.666667 0.0666667 -0.140979
0.666667 0.0833333 -0.168322
0.666667 0.1 -0.195204
0.666667 0.116667 -0.22155
0.666667 0.133333 -0.247289
0.666667 0.15 -0.272351
0.666667 0.166667 -0.296666
0.666667 0.183333 -0.320168
0.666667 0.2 -0.342792
0.666667 0.216667 -0.364476
0.666667 0.233333 -0.385162
0.666667 0.25 -0.404792
0.666667 0.266667 -0.423313
0.666667 0.283333 -0.440673
0.666667 0.3 -0.456825
0.666667 0.316667 -0.471725
0.666667 0.333333 -0.485333
0.666667 0.35 -0.49761
0.666667 0.366667 -0.508523
0.666667 0.383333 -0.518042
0.666667 0.4 -0.526142
0.666667 0.416667 -0.532799
0.666667 0.433333 -0.537996
0.666667 0.45 -0.541718
0.666667 0.466667 -0.543956
0.666667 0.483333 -0.544704
0.666667 0.5 -0.543958
0.666667 0.516667 -0.541722
0.666667 0.533333 -0.538002
0.666667 0.55 -0.532807
0.666667 0.566667 -0.526151
0.666667 0.583333 -0.518054
0.666667 0.6 -0.508537
0.666667 0.616667 -0.497625
0.666667 0.633333 -0.48535
0.666667 0.65 -0.471744
0.666667 0.666667 -0.456846
0.666667 0.683333 -0.440695
0.666667 0.7 -0.423337
0.666667 0.716667 -0.404818
0.666667 0.733333 -0.38519
0.666667 0.75 -0.364507
0.666667 0.766667 -0.342825
0.666667 0.783333 -0.320203
0.666667 0.8 -0.296704
0.666667 0.816667 -0.272392
0.666667 0.833333 -0.247334
0.666667 0.85 -0.221598
0.666667 0.866667 -0.195255
0.666667 0.883333 -0.168378
0.666667 0.9 -0.141039
0.666667 0.916667 -0.113314
0.666667 0.933333 -0.0852795
0.666667 0.95 -0.0570113
0.666667 0.966667 -0.0285872
0.683333 0 -0.0307658
0.683333 0.0166667 -0.0614472
0.683333 0.0333333 -0.0919602
0.683333 0.05 -0.122221
0.683333 0.0666667 -0.152147
0.683333 0.0833333 -0.181656
0.683333 0.1 -0.210667
0.683333 0.116667 -0.239101
0.683333 0.133333 -0.266879
0.683333 0.15 -0.293926
0.683333 0.166667 -0.320167
0.683333 0.183333 -0.34553
0.683333 0.2 -0.369947
0.683333 0.216667 -0.393349
0.683333 0.233333 -0.415674
0.683333 0.25 -0.436859
0.683333 0.266667 -0.456846
0.683333 0.283333 -0.475582
0.683333 0.3 -0.493014
0.683333 0.316667 -0.509094
0.683333 0.333333 -0.52378
0.683333 0.35 -0.537029
0.683333 0.366667 -0.548807
0.683333 0.383333 -0.55908
0.683333 0.4 -0.567821
0.683333 0.416667 -0.575006
0.683333 0.433333 -0.580614
0.683333 0.45 -0.584632
0.683333 0.466667 -0.587047
0.683333 0.483333 -0.587854
0.683333 0.5 -0.587049
0.683333 0.516667 -0.584636
0.683333 0.533333 -0.580621
0.683333 0.55 -0.575014
0.683333 0.566667 -0.567832
0.683333 0.583333 -0.559093
0.683333 0.6 -0.548821
0.683333 0.616667 -0.537045
0.683333 0.633333 -0.523798
0.683333 0.65 -0.509114
0.683333 0.666667 -0.493035
0.683333 0.683333 -0.475605
0.683333 0.7 -0.456872
0.683333 0.716667 -0.436886
0.683333 0.733333 -0.415703
0.683333 0.75 -0.393381
0.683333 0.766667 -0.369982
0.683333 0.783333 -0.345568
0.683333 0.8 -0.320207
0.683333 0.816667 -0.293969
0.683333 0.833333 -0.266926
0.683333 0.85 -0.239152
0.683333 0.866667 -0.210722
0.683333 0.883333 -0.181716
0.683333 0.9 -0.152211
0.683333 0.916667 -0.12229
0.683333 0.933333 -0.0920348
0.683333 0.95 -0.0615273
0.683333 0.966667 -0.0308517
0.7 0 -0.0329397
0.7 0.0166667 -0.0657891
0.7 0.0333333 -0.0984582
0.7 0.05 -0.130857
0.7 0.0666667 -0.162898
0.7 0.0833333 -0.194492
0.7 0.1 -0.225553
0.7 0.116667 -0.255996
0.7 0.133333 -0.285737
0.7 0.15 -0.314695
0.7 0.166667 -0.34279
0.7 0.183333 -0.369946
0.7 0.2 -0.396088
0.7 0.216667 -0.421144
0.7 0.233333 -0.445046
0.7 0.25 -0.467728
0.7 0.266667 -0.489128
0.7 0.283333 -0.509187
0.7 0.3 -0.527851
0.7 0.316667 -0.545068
0.7 0.333333 -0.56079
0.7 0.35 -0.574976
0.7 0.366667 -0.587586
0.7 0.383333 -0.598585
0.7 0.4 -0.607944
0.7 0.416667 -0.615636
0.7 0.433333 -0.621641
0.7 0.45 -0.625943
0.7 0.466667 -0.628529
0.7 0.483333 -0.629392
0.7 0.5 -0.628531
0.7 0.516667 -0.625947
0.7 0.533333 -0.621648
0.7 0.55 -0.615645
0.7 0.566667 -0.607955
0.7 0.583333 -0.598599
0.7 0.6 -0.587601
0.7 0.616667 -0.574993
0.7 0.633333 -0.560809
0.7 0.65 -0.545088
0.7 0.666667 -0.527873
0.7 0.683333 -0.509211
0.7 0.7 -0.489154
0.7 0.716667 -0.467756
0.7 0.733333 -0.445077
0.7 0.75 -0.421177
0.7 0.766667 -0.396124
0.7 0.783333 -0.369985
0.7 0.8 -0.342832
0.7 0.816667 -0.314741
0.7 0.833333 -0.285787
0.7 0.85 -0.25605
0.7 0.866667 -0.225611
0.7 0.883333 -0.194555
0.7 0.9 -0.162966
0.7 0.916667 -0.130931
0.7 0.933333 -0.0985376
0.7 0.95 -0.0658746
0.7 0.966667 -0.0330316
0.716667 0 -0.0350233
0.716667 0.0166667 -0.0699507
0.716667 0.0333333 -0.104686
0.716667 0.05 -0.139135
0.716667 0.0666667 -0.173202
0.716667 0.0833333 -0.206795
0.716667 0.1 -0.239821
0.716667 0.116667 -0.272189
0.716667 0.133333 -0.303812
0.716667 0.15 -0.334601
0.716667 0.166667 -0.364474
0.716667 0.183333 -0.393347
0.716667 0.2 -0.421143
0.716667 0.216667 -0.447784
0.716667 0.233333 -0.473198
0.716667 0.25 -0.497314
0.716667 0.266667 -0.520068
0.716667 0.283333 -0.541396
0.716667 0.3 -0.56124
0.716667 0.316667 -0.579546
0.716667 0.333333 -0.596264
0.716667 0.35 -0.611347
0.716667 0.366667 -0.624754
0.716667 0.383333 -0.63645
0.716667 0.4 -0.6464
0.716667 0.416667 -0.654579
0.716667 0.433333 -0.660964
0.716667 0.45 -0.665537
0.716667 0.466667 -0.668287
0.716667 0.483333 -0.669205
0.716667 0.5 -0.668289
0.716667 0.516667 -0.665542
0.716667 0.533333 -0.660971
0.716667 0.55 -0.654589
0.716667 0.566667 -0.646412
0.716667 0.583333 -0.636463
0.716667 0.6 -0.62477
0.716667 0.616667 -0.611364
0.716667 0.633333 -0.596283
0.716667 0.65 -0.579567
0.716667 0.666667 -0.561263
0.716667 0.683333 -0.541421
0.716667 0.7 -0.520095
0.716667 0.716667 -0.497344
0.716667 0.733333 -0.473229
0.716667 0.75 -0.447818
0.716667 0.766667 -0.42118
0.716667 0.783333 -0.393388
0.716667 0.8 -0.364518
0.716667 0.816667 -0.334649
0.716667 0.833333 -0.303863
0.716667 0.85 -0.272245
0.716667 0.866667 -0.239882
0.716667 0.883333 -0.206861
0.716667 0.9 -0.173274
0.716667 0.916667 -0.139213
0.716667 0.933333 -0.10477
0.716667 0.95 -0.0700413
0.716667 0.966667 -0.0351209
0.733333 0 -0.037011
0.733333 0.0166667 -0.0739205
0.733333 0.0333333 -0.110627
0.733333 0.05 -0.147031
0.733333 0.0666667 -0.183032
0.733333 0.0833333 -0.218531
0.733333 0.1 -0.253431
0.733333 0.116667 -0.287636
0.733333 0.133333 -0.321053
0.733333 0.15 -0.35359
0.733333 0.166667 -0.385158
0.733333 0.183333 -0.41567
0.733333 0.2 -0.445043
0.733333 0.216667 -0.473196
0.733333 0.233333 -0.500052
0.733333 0.25 -0.525538
0.733333 0.266667 -0.549583
0.733333 0.283333 -0.572121
0.733333 0.3 -0.593092
0.733333 0.316667 -0.612436
0.733333 0.333333 -0.630103
0.733333 0.35 -0.646042
0.733333 0.366667 -0.66021
0.733333 0.383333 -0.672569
0.733333 0.4 -0.683084
0.733333 0.416667 -0.691727
0.733333 0.433333 -0.698474
0.733333 0.45 -0.703307
0.733333 0.466667 -0.706213
0.733333 0.483333 -0.707183
0.733333 0.5 -0.706215
0.733333 0.516667 -0.703312
0.733333 0.533333 -0.698482
0.733333 0.55 -0.691737
0.733333 0.566667 -0.683096
0.733333 0.583333 -0.672583
0.733333 0.6 -0.660226
0.733333 0.616667 -0.646059
0.733333 0.633333 -0.630122
0.733333 0.65 -0.612458
0.733333 0.666667 -0.593115
0.733333 0.683333 -0.572146
0.733333 0.7 -0.54961
0.733333 0.716667 -0.525567
0.733333 0.733333 -0.500084
0.733333 0.75 -0.473231
0.733333 0.766667 -0.445081
0.733333 0.783333 -0.415712
0.733333 0.8 -0.385203
0.733333 0.816667 -0.353639
0.733333 0.833333 -0.321107
0.733333 0.85 -0.287694
0.733333 0.866667 -0.253494
0.733333 0.883333 -0.2186
0.733333 0.9 -0.183107
0.733333 0.916667 -0.147112
0.733333 0.933333 -0.110715
0.733333 0.95 -0.0740158
0.733333 0.966667 -0.0371138
0.75 0 -0.0388971
0.75 0.0166667 -0.0776876
0.75 0.0333333 -0.116265
0.75 0.05 -0.154524
0.75 0.0666667 -0.192359
0.75 0.0833333 -0.229668
0.75 0.1 -0.266346
0.75 0.116667 -0.302295
0.75 0.133333 -0.337415
0.75 0.15 -0.37161
0.75 0.166667 -0.404786
0.75 0.183333 -0.436854
0.75 0.2 -0.467723
0.75 0.216667 -0.497311
0.75 0.233333 -0.525536
0.75 0.25 -0.55232
0.75 0.266667 -0.57759
0.75 0.283333 -0.601277
0.75 0.3 -0.623317
0.75 0.316667 -0.643647
0.75 0.333333 -0.662214
0.75 0.35 -0.678965
0.75 0.366667 -0.693856
0.75 0.383333 -0.706844
0.75 0.4 -0.717895
0.75 0.416667 -0.726979
0.75 0.433333 -0.73407
0.75 0.45 -0.739149
0.75 0.466667 -0.742203
0.75 0.483333 -0.743222
0.75 0.5 -0.742206
0.75 0.516667 -0.739154
0.75 0.533333 -0.734078
0.75 0.55 -0.726989
0.75 0.566667 -0.717907
0.75 0.583333 -0.706858
0.75 0.6 -0.693871
0.75 0.616667 -0.678983
0.75 0.633333 -0.662233
0.75 0.65 -0.643669
0.75 0.666667 -0.62334
0.75 0.683333 -0.601303
0.75 0.7 -0.577618
0.75 0.716667 -0.55235
0.75 0.733333 -0.525568
0.75 0.75 -0.497346
0.75 0.766667 -0.467762
0.75 0.783333 -0.436896
0.75 0.8 -0.404832
0.75 0.816667 -0.37166
0.75 0.833333 -0.337469
0.75 0.85 -0.302354
0.75 0.866667 -0.266411
0.75 0.883333 -0.229739
0.75 0.9 -0.192437
0.75 0.916667 -0.154609
0.75 0.933333 -0.116357
0.75 0.95 -0.0777873
0.75 0.966667 -0.0390049
0.766667 0 -0.0406766
0.766667 0.0166667 -0.0812417
0.766667 0.0333333 -0.121584
0.766667 0.05 -0.161593
0.766667 0.0666667 -0.20116
0.766667 0.0833333 -0.240175
0.766667 0.1 -0.278531
0.766667 0.116667 -0.316124
0.766667 0.133333 -0.352851
0.766667 0.15 -0.388611
0.766667 0.166667 -0.423305
0.766667 0.183333 -0.456839
0.766667 0.2 -0.489121
0.766667 0.216667 -0.520063
0.766667 0.233333 -0.549579
0.766667 0.25 -0.577588
0.766667 0.266667 -0.604015
0.766667 0.283333 -0.628785
0.766667 0.3 -0.651833
0.766667 0.316667 -0.673094
0.766667 0.333333 -0.692509
0.766667 0.35 -0.710027
0.766667 0.366667 -0.725599
0.766667 0.383333 -0.739182
0.766667 0.4 -0.750739
0.766667 0.416667 -0.760238
0.766667 0.433333 -0.767653
0.766667 0.45 -0.772965
0.766667 0.466667 -0.776158
0.766667 0.483333 -0.777224
0.766667 0.5 -0.776161
0.766667 0.516667 -0.77297
0.766667 0.533333 -0.767661
0.766667 0.55 -0.760248
0.766667 0.566667 -0.750751
0.766667 0.583333 -0.739196
0.766667 0.6 -0.725615
0.766667 0.616667 -0.710045
0.766667 0.633333 -0.692529
0.766667 0.65 -0.673115
0.766667 0.666667 -0.651856
0.766667 0.683333 -0.62881
0.766667 0.7 -0.604042
0.766667 0.716667 -0.577618
0.766667 0.733333 -0.549611
0.766667 0.75 -0.520098
0.766667 0.766667 -0.48916
0.766667 0.783333 -0.456882
0.766667 0.8 -0.423351
0.766667 0.816667 -0.388661
0.766667 0.833333 -0.352907
0.766667 0.85 -0.316185
0.766667 0.866667 -0.278598
0.766667 0.883333 -0.240248
0.766667 0.9 -0.20124
0.766667 0.916667 -0.161681
0.766667 0.933333 -0.121679
0.766667 0.95 -0.0813453
0.766667 0.966667 -0.0407891
0.783333 0 -0.0423446
0.783333 0.0166667 -0.0845732
0.783333 0.0333333 -0.12657
0.783333 0.05 -0.16822
0.783333 0.0666667 -0.209408
0.783333 0.0833333 -0.250023
0.783333 0.1 -0.289953
0.783333 0.116667 -0.329087
0.783333 0.133333 -0.36732
0.783333 0.15 -0.404546
0.783333 0.166667 -0.440663
0.783333 0.183333 -0.475572
0.783333 0.2 -0.509178
0.783333 0.216667 -0.541388
0.783333 0.233333 -0.572115
0.783333 0.25 -0.601273
0.783333 0.266667 -0.628783
0.783333 0.283333 -0.654569
0.783333 0.3 -0.678562
0.783333 0.316667 -0.700695
0.783333 0.333333 -0.720907
0.783333 0.35 -0.739143
0.783333 0.366667 -0.755353
0.783333 0.383333 -0.769493
0.783333 0.4 -0.781523
0.783333 0.416667 -0.791412
0.783333 0.433333 -0.799132
0.783333 0.45 -0.804661
0.783333 0.466667 -0.807985
0.783333 0.483333 -0.809095
0.783333 0.5 -0.807988
0.783333 0.516667 -0.804666
0.783333 0.533333 -0.799139
0.783333 0.55 -0.791422
0.783333 0.566667 -0.781535
0.783333 0.583333 -0.769506
0.783333 0.6 -0.755368
0.783333 0.616667 -0.73916
0.783333 0.633333 -0.720925
0.783333 0.65 -0.700715
0.783333 0.666667 -0.678584
0.783333 0.683333 -0.654594
0.783333 0.7 -0.62881
0.783333 0.716667 -0.601302
0.783333 0.733333 -0.572147
0.783333 0.75 -0.541423
0.783333 0.766667 -0.509217
0.783333 0.783333 -0.475614
0.783333 0.8 -0.440709
0.783333 0.816667 -0.404597
0.783333 0.833333 -0.367376
0.783333 0.85 -0.329149
0.783333 0.866667 -0.29002
0.783333 0.883333 -0.250097
0.783333 0.9 -0.20949
0.783333 0.916667 -0.168309
0.783333 0.933333 -0.126668
0.783333 0.95 -0.0846802
0.783333 0.966667 -0.0424613
0.8 0 -0.0438965
0.8 0.0166667 -0.0876727
0.8 0.0333333 -0.131209
0.8 0.05 -0.174385
0.8 0.0666667 -0.217083
0.8 0.0833333 -0.259186
0.8 0.1 -0.300579
0.8 0.116667 -0.341148
0.8 0.133333 -0.380782
0.8 0.15 -0.419372
0.8 0.166667 -0.456813
0.8 0.183333 -0.493002
0.8 0.2 -0.527839
0.8 0.216667 -0.56123
0.8 0.233333 -0.593082
0.8 0.25 -0.623309
0.8 0.266667 -0.651827
0.8 0.283333 -0.678559
0.8 0.3 -0.703431
0.8 0.316667 -0.726374
0.8 0.333333 -0.747327
0.8 0.35 -0.766232
0.8 0.366667 -0.783036
0.8 0.383333 -0.797694
0.8 0.4 -0.810166
0.8 0.416667 -0.820417
0.8 0.433333 -0.828419
0.8 0.45 -0.834151
0.8 0.466667 -0.837597
0.8 0.483333 -0.838748
0.8 0.5 -0.8376
0.8 0.516667 -0.834156
0.8 0.533333 -0.828427
0.8 0.55 -0.820426
0.8 0.566667 -0.810177
0.8 0.583333 -0.797707
0.8 0.6 -0.783051
0.8 0.616667 -0.766248
0.8 0.633333 -0.747345
0.8 0.65 -0.726394
0.8 0.666667 -0.703453
0.8 0.683333 -0.678583
0.8 0.7 -0.651853
0.8 0.716667 -0.623337
0.8 0.733333 -0.593113
0.8 0.75 -0.561264
0.8 0.766667 -0.527877
0.8 0.783333 -0.493043
0.8 0.8 -0.456859
0.8 0.816667 -0.419423
0.8 0.833333 -0.380837
0.8 0.85 -0.341209
0.8 0.866667 -0.300647
0.8 0.883333 -0.259261
0.8 0.9 -0.217166
0.8 0.916667 -0.174476
0.8 0.933333 -0.131309
0.8 0.95 -0.0877827
0.8 0.966667 -0.0440169
0.816667 0 -0.045328
0.816667 0.0166667 -0.0905318
0.816667 0.0333333 -0.135488
0.816667 0.05 -0.180072
0.816667 0.0666667 -0.224163
0.816667 0.0833333 -0.267639
0.816667 0.1 -0.310382
0.816667 0.116667 -0.352274
0.816667 0.133333 -0.3932
0.816667 0.15 -0.433049
0.816667 0.166667 -0.471711
0.816667 0.183333 -0.509079
0.816667 0.2 -0.545053
0.816667 0.216667 -0.579532
0.816667 0.233333 -0.612424
0.816667 0.25 -0.643636
0.816667 0.266667 -0.673084
0.816667 0.283333 -0.700688
0.816667 0.3 -0.726371
0.816667 0.316667 -0.750063
0.816667 0.333333 -0.771699
0.816667 0.35 -0.79122
0.816667 0.366667 -0.808572
0.816667 0.383333 -0.823708
0.816667 0.4 -0.836587
0.816667 0.416667 -0.847172
0.816667 0.433333 -0.855435
0.816667 0.45 -0.861354
0.816667 0.466667 -0.864913
0.816667 0.483333 -0.866101
0.816667 0.5 -0.864915
0.816667 0.516667 -0.861359
0.816667 0.533333 -0.855443
0.816667 0.55 -0.847181
0.816667 0.566667 -0.836598
0.816667 0.583333 -0.823721
0.816667 0.6 -0.808586
0.816667 0.616667 -0.791236
0.816667 0.633333 -0.771716
0.816667 0.65 -0.750082
0.816667 0.666667 -0.726392
0.816667 0.683333 -0.700711
0.816667 0.7 -0.67311
0.816667 0.716667 -0.643664
0.816667 0.733333 -0.612454
0.816667 0.75 -0.579566
0.816667 0.766667 -0.545089
0.816667 0.783333 -0.50912
0.816667 0.8 -0.471755
0.816667 0.816667 -0.433098
0.816667 0.833333 -0.393255
0.816667 0.85 -0.352334
0.816667 0.866667 -0.310449
0.816667 0.883333 -0.267713
0.816667 0.9 -0.224245
0.816667 0.916667 -0.180164
0.816667 0.933333 -0.135589
0.816667 0.95 -0.0906443
0.816667 0.966667 -0.0454518
0.833333 0 -0.0466353
0.833333 0.0166667 -0.0931428
0.833333 0.0333333 -0.139395
0.833333 0.05 -0.185265
0.833333 0.0666667 -0.230627
0.833333 0.0833333 -0.275358
0.833333 0.1 -0.319333
0.833333 0.116667 -0.362433
0.833333 0.133333 -0.40454
0.833333 0.15 -0.445538
0.833333 0.166667 -0.485315
0.833333 0.183333 -0.523761
0.833333 0.2 -0.560772
0.833333 0.216667 -0.596246
0.833333 0.233333 -0.630086
0.833333 0.25 -0.662199
0.833333 0.266667 -0.692496
0.833333 0.283333 -0.720896
0.833333 0.3 -0.747319
0.833333 0.316667 -0.771695
0.833333 0.333333 -0.793955
0.833333 0.35 -0.814039
0.833333 0.366667 -0.831891
0.833333 0.383333 -0.847464
0.833333 0.4 -0.860714
0.833333 0.416667 -0.871604
0.833333 0.433333 -0.880106
0.833333 0.45 -0.886196
0.833333 0.466667 -0.889857
0.833333 0.483333 -0.891079
0.833333 0.5 -0.889859
0.833333 0.516667 -0.886201
0.833333 0.533333 -0.880113
0.833333 0.55 -0.871613
0.833333 0.566667 -0.860724
0.833333 0.583333 -0.847476
0.833333 0.6 -0.831905
0.833333 0.616667 -0.814054
0.833333 0.633333 -0.793971
0.833333 0.65 -0.771713
0.833333 0.666667 -0.747339
0.833333 0.683333 -0.720918
0.833333 0.7 -0.69252
0.833333 0.716667 -0.662225
0.833333 0.733333 -0.630115
0.833333 0.75 -0.596278
0.833333 0.766667 -0.560807
0.833333 0.783333 -0.5238
0.833333 0.8 -0.485358
0.833333 0.816667 -0.445585
0.833333 0.833333 -0.404593
0.833333 0.85 -0.362492
0.833333 0.866667 -0.319399
0.833333 0.883333 -0.275431
0.833333 0.9 -0.23071
0.833333 0.916667 -0.185357
0.833333 0.933333 -0.139498
0.833333 0.95 -0.0932569
0.833333 0.966667 -0.0467618
0.85 0 -0.0478147
0.85 0.0166667 -0.0954984
0.85 0.0333333 -0.14292
0.85 0.05 -0.18995
0.85 0.0666667 -0.23646
0.85 0.0833333 -0.282321
0.85 0.1 -0.327409
0.85 0.116667 -0.371599
0.85 0.133333 -0.414771
0.85 0.15 -0.456806
0.85 0.166667 -0.497588
0.85 0.183333 -0.537007
0.85 0.2 -0.574954
0.85 0.216667 -0.611325
0.85 0.233333 -0.646021
0.85 0.25 -0.678946
0.85 0.266667 -0.710009
0.85 0.283333 -0.739127
0.85 0.3 -0.766219
0.85 0.316667 -0.791211
0.85 0.333333 -0.814034
0.85 0.35 -0.834626
0.85 0.366667 -0.85293
0.85 0.383333 -0.868896
0.85 0.4 -0.882481
0.85 0.416667 -0.893647
0.85 0.433333 -0.902364
0.85 0.45 -0.908608
0.85 0.466667 -0.912361
0.85 0.483333 -0.913614
0.85 0.5 -0.912363
0.85 0.516667 -0.908612
0.85 0.533333 -0.90237
0.85 0.55 -0.893655
0.85 0.566667 -0.882491
0.85 0.583333 -0.868907
0.85 0.6 -0.852942
0.85 0.616667 -0.83464
0.85 0.633333 -0.814049
0.85 0.65 -0.791228
0.85 0.666667 -0.766238
0.85 0.683333 -0.739147
0.85 0.7 -0.710032
0.85 0.716667 -0.67897
0.85 0.733333 -0.646048
0.85 0.75 -0.611355
0.85 0.766667 -0.574987
0.85 0.783333 -0.537044
0.85 0.8 -0.497629
0.85 0.816667 -0.456851
0.85 0.833333 -0.414821
0.85 0.85 -0.371656
0.85 0.866667 -0.327473
0.85 0.883333 -0.282393
0.85 0.9 -0.236541
0.85 0.916667 -0.190041
0.85 0.933333 -0.143023
0.85 0.95 -0.0956134
0.85 0.966667 -0.0479434
0.866667 0 -0.048863
0.866667 0.0166667 -0.0975921
0.866667 0.0333333 -0.146054
0.866667 0.05 -0.194115
0.866667 0.0666667 -0.241644
0.866667 0.0833333 -0.288511
0.866667 0.1 -0.334587
0.866667 0.116667 -0.379746
0.866667 0.133333 -0.423864
0.866667 0.15 -0.466821
0.866667 0.166667 -0.508498
0.866667 0.183333 -0.548781
0.866667 0.2 -0.58756
0.866667 0.216667 -0.624728
0.866667 0.233333 -0.660184
0.866667 0.25 -0.693831
0.866667 0.266667 -0.725576
0.866667 0.283333 -0.755332
0.866667 0.3 -0.783018
0.866667 0.316667 -0.808558
0.866667 0.333333 -0.831881
0.866667 0.35 -0.852924
0.866667 0.366667 -0.87163
0.866667 0.383333 -0.887946
0.866667 0.4 -0.901829
0.866667 0.416667 -0.91324
0.866667 0.433333 -0.922148
0.866667 0.45 -0.928528
0.866667 0.466667 -0.932364
0.866667 0.483333 -0.933644
0.866667 0.5 -0.932366
0.866667 0.516667 -0.928532
0.866667 0.533333 -0.922154
0.866667 0.55 -0.913247
0.866667 0.566667 -0.901838
0.866667 0.583333 -0.887957
0.866667 0.6 -0.871641
0.866667 0.616667 -0.852937
0.866667 0.633333 -0.831895
0.866667 0.65 -0.808573
0.866667 0.666667 -0.783035
0.866667 0.683333 -0.755351
0.866667 0.7 -0.725596
0.866667 0.716667 -0.693854
0.866667 0.733333 -0.660209
0.866667 0.75 -0.624756
0.866667 0.766667 -0.58759
0.866667 0.783333 -0.548815
0.866667 0.8 -0.508535
0.866667 0.816667 -0.466863
0.866667 0.833333 -0.423912
0.866667 0.85 -0.3798
0.866667 0.866667 -0.334648
0.866667 0.883333 -0.28858
0.866667 0.9 -0.241722
0.866667 0.916667 -0.194204
0.866667 0.933333 -0.146155
0.866667 0.95 -0.097707
0.866667 0.966667 -0.0489931
0.883333 0 -0.0497774
0.883333 0.0166667 -0.0994183
0.883333 0.0333333 -0.148787
0.883333 0.05 -0.197747
0.883333 0.0666667 -0.246166
0.883333 0.0833333 -0.29391
0.883333 0.1 -0.340848
0.883333 0.116667 -0.386852
0.883333 0.133333 -0.431796
0.883333 0.15 -0.475556
0.883333 0.166667 -0.518013
0.883333 0.183333 -0.55905
0.883333 0.2 -0.598554
0.883333 0.216667 -0.636418
0.883333 0.233333 -0.672538
0.883333 0.25 -0.706814
0.883333 0.266667 -0.739153
0.883333 0.283333 -0.769466
0.883333 0.3 -0.79767
0.883333 0.316667 -0.823688
0.883333 0.333333 -0.847447
0.883333 0.35 -0.868884
0.883333 0.366667 -0.88794
0.883333 0.383333 -0.904562
0.883333 0.4 -0.918704
0.883333 0.416667 -0.930329
0.883333 0.433333 -0.939403
0.883333 0.45 -0.945903
0.883333 0.466667 -0.94981
0.883333 0.483333 -0.951115
0.883333 0.5 -0.949812
0.883333 0.516667 -0.945907
0.883333 0.533333 -0.939408
0.883333 0.55 -0.930335
0.883333 0.566667 -0.918712
0.883333 0.583333 -0.904571
0.883333 0.6 -0.88795
0.883333 0.616667 -0.868896
0.883333 0.633333 -0.84746
0.883333 0.65 -0.823701
0.883333 0.666667 -0.797685
0.883333 0.683333 -0.769483
0.883333 0.7 -0.739171
0.883333 0.716667 -0.706834
0.883333 0.733333 -0.67256
0.883333 0.75 -0.636443
0.883333 0.766667 -0.598582
0.883333 0.783333 -0.55908
0.883333 0.8 -0.518047
0.883333 0.816667 -0.475594
0.883333 0.833333 -0.431839
0.883333 0.85 -0.386901
0.883333 0.866667 -0.340904
0.883333 0.883333 -0.293974
0.883333 0.9 -0.24624
0.883333 0.916667 -0.197832
0.883333 0.933333 -0.148885
0.883333 0.95 -0.0995317
0.883333 0.966667 -0.0499079
0.9 0 -0.0505552
0.9 0.0166667 -0.100972
0.9 0.0333333 -0.151112
0.9 0.05 -0.200837
0.9 0.0666667 -0.250013
0.9 0.0833333 -0.298503
0.9 0.1 -0.346174
0.9 0.116667 -0.392897
0.9 0.133333 -0.438543
0.9 0.15 -0.482987
0.9 0.166667 -0.526108
0.9 0.183333 -0.567786
0.9 0.2 -0.607908
0.9 0.216667 -0.646363
0.9 0.233333 -0.683047
0.9 0.25 -0.717859
0.9 0.266667 -0.750704
0.9 0.283333 -0.78149
0.9 0.3 -0.810135
0.9 0.316667 -0.836559
0.9 0.333333 -0.86069
0.9 0.35 -0.882462
0.9 0.366667 -0.901816
0.9 0.383333 -0.918697
0.9 0.4 -0.933061
0.9 0.416667 -0.944867
0.9 0.433333 -0.954083
0.9 0.45 -0.960684
0.9 0.466667 -0.964653
0.9 0.483333 -0.965977
0.9 0.5 -0.964654
0.9 0.516667 -0.960687
0.9 0.533333 -0.954087
0.9 0.55 -0.944872
0.9 0.566667 -0.933067
0.9 0.583333 -0.918705
0.9 0.6 -0.901824
0.9 0.616667 -0.882472
0.9 0.633333 -0.860701
0.9 0.65 -0.836571
0.9 0.666667 -0.810148
0.9 0.683333 -0.781505
0.9 0.7 -0.75072
0.9 0.716667 -0.717877
0.9 0.733333 -0.683067
0.9 0.75 -0.646385
0.9 0.766667 -0.607932
0.9 0.783333 -0.567813
0.9 0.8 -0.526138
0.9 0.816667 -0.483021
0.9 0.833333 -0.438582
0.9 0.85 -0.392941
0.9 0.866667 -0.346225
0.9 0.883333 -0.298561
0.9 0.9 -0.25008
0.9 0.916667 -0.200917
0.9 0.933333 -0.151205
0.9 0.95 -0.101082
0.9 0.966667 -0.050685
0.916667 0 -0.0511944
0.916667 0.0166667 -0.102249
0.916667 0.0333333 -0.153022
0.916667 0.05 -0.203377
0.916667 0.0666667 -0.253174
0.916667 0.0833333 -0.302277
0.916667 0.1 -0.350552
0.916667 0.116667 -0.397865
0.916667 0.133333 -0.444088
0.916667 0.15 -0.489094
0.916667 0.166667 -0.53276
0.916667 0.183333 -0.574965
0.916667 0.2 -0.615594
0.916667 0.216667 -0.654536
0.916667 0.233333 -0.691684
0.916667 0.25 -0.726936
0.916667 0.266667 -0.760196
0.916667 0.283333 -0.791372
0.916667 0.3 -0.820378
0.916667 0.316667 -0.847137
0.916667 0.333333 -0.871573
0.916667 0.35 -0.89362
0.916667 0.366667 -0.913218
0.916667 0.383333 -0.930313
0.916667 0.4 -0.944858
0.916667 0.416667 -0.956814
0.916667 0.433333 -0.966147
0.916667 0.45 -0.972831
0.916667 0.466667 -0.97685
0.916667 0.483333 -0.978191
0.916667 0.5 -0.976851
0.916667 0.516667 -0.972834
0.916667 0.533333 -0.96615
0.916667 0.55 -0.956819
0.916667 0.566667 -0.944864
0.916667 0.583333 -0.93032
0.916667 0.6 -0.913226
0.916667 0.616667 -0.893629
0.916667 0.633333 -0.871582
0.916667 0.65 -0.847147
0.916667 0.666667 -0.820389
0.916667 0.683333 -0.791384
0.916667 0.7 -0.760209
0.916667 0.716667 -0.726951
0.916667 0.733333 -0.6917
0.916667 0.75 -0.654554
0.916667 0.766667 -0.615614
0.916667 0.783333 -0.574988
0.916667 0.8 -0.532785
0.916667 0.816667 -0.489123
0.916667 0.833333 -0.444121
0.916667 0.85 -0.397903
0.916667 0.866667 -0.350595
0.916667 0.883333 -0.302327
0.916667 0.9 -0.253233
0.916667 0.916667 -0.203448
0.916667 0.933333 -0.153108
0.916667 0.95 -0.102353
0.916667 0.966667 -0.0513215
0.933333 0 -0.0516933
0.933333 0.0166667 -0.103245
0.933333 0.0333333 -0.154514
0.933333 0.05 -0.205359
0.933333 0.0666667 -0.255641
0.933333 0.0833333 -0.305223
0.933333 0.1 -0.353967
0.933333 0.116667 -0.401742
0.933333 0.133333 -0.448416
0.933333 0.15 -0.49386
0.933333 0.166667 -0.537951
0.933333 0.183333 -0.580568
0.933333 0.2 -0.621593
0.933333 0.216667 -0.660914
0.933333 0.233333 -0.698424
0.933333 0.25 -0.73402
0.933333 0.266667 -0.767603
0.933333 0.283333 -0.799083
0.933333 0.3 -0.828373
0.933333 0.316667 -0.855392
0.933333 0.333333 -0.880066
0.933333 0.35 -0.902328
0.933333 0.366667 -0.922117
0.933333 0.383333 -0.939379
0.933333 0.4 -0.954066
0.933333 0.416667 -0.966137
0.933333 0.433333 -0.975561
0.933333 0.45 -0.982311
0.933333 0.466667 -0.986369
0.933333 0.483333 -0.987723
0.933333 0.5 -0.98637
0.933333 0.516667 -0.982313
0.933333 0.533333 -0.975564
0.933333 0.55 -0.966141
0.933333 0.566667 -0.95407
0.933333 0.583333 -0.939384
0.933333 0.6 -0.922123
0.933333 0.616667 -0.902335
0.933333 0.633333 -0.880073
0.933333 0.65 -0.8554
0.933333 0.666667 -0.828381
0.933333 0.683333 -0.799093
0.933333 0.7 -0.767614
0.933333 0.716667 -0.734031
0.933333 0.733333 -0.698437
0.933333 0.75 -0.660929
0.933333 0.766667 -0.621609
0.933333 0.783333 -0.580586
0.933333 0.8 -0.537971
0.933333 0.816667 -0.493883
0.933333 0.833333 -0.448442
0.933333 0.85 -0.401772
0.933333 0.866667 -0.354002
0.933333 0.883333 -0.305263
0.933333 0.9 -0.25569
0.933333 0.916667 -0.205418
0.933333 0.933333 -0.154588
0.933333 0.95 -0.103339
0.933333 0.966667 -0.0518142
0.95 0 -0.0520504
0.95 0.0166667 -0.103958
0.95 0.0333333 -0.155581
0.95 0.05 -0.206777
0.95 0.0666667 -0.257407
0.95 0.0833333 -0.307331
0.95 0.1 -0.356413
0.95 0.116667 -0.404518
0.95 0.133333 -0.451514
0.95 0.15 -0.497272
0.95 0.166667 -0.541668
0.95 0.183333 -0.584579
0.95 0.2 -0.625887
0.95 0.216667 -0.66548
0.95 0.233333 -0.703249
0.95 0.25 -0.739091
0.95 0.266667 -0.772906
0.95 0.283333 -0.804604
0.95 0.3 -0.834095
0.95 0.316667 -0.861301
0.95 0.333333 -0.886146
0.95 0.35 -0.908562
0.95 0.366667 -0.928488
0.95 0.383333 -0.945868
0.95 0.4 -0.960657
0.95 0.416667 -0.972812
0.95 0.433333 -0.982301
0.95 0.45 -0.989097
0.95 0.466667 -0.993183
0.95 0.483333 -0.994546
0.95 0.5 -0.993183
0.95 0.516667 -0.989099
0.95 0.533333 -0.982303
0.95 0.55 -0.972815
0.95 0.566667 -0.96066
0.95 0.583333 -0.945872
0.95 0.6 -0.928492
0.95 0.616667 -0.908567
0.95 0.633333 -0.886151
0.95 0.65 -0.861307
0.95 0.666667 -0.834102
0.95 0.683333 -0.804611
0.95 0.7 -0.772914
0.95 0.716667 -0.739099
0.95 0.733333 -0.703259
0.95 0.75 -0.665491
0.95 0.766667 -0.625899
0.95 0.783333 -0.584591
0.95 0.8 -0.541682
0.95 0.816667 -0.497289
0.95 0.833333 -0.451532
0.95 0.85 -0.404539
0.95 0.866667 -0.356438
0.95 0.883333 -0.307361
0.95 0.9 -0.257443
0.95 0.916667 -0.206822
0.95 0.933333 -0.155638
0.95 0.95 -0.104035
0.95 0.966667 -0.0521584
0.966667 0 -0.0522648
0.966667 0.0166667 -0.104386
0.966667 0.0333333 -0.156222
0.966667 0.05 -0.207629
0.966667 0.0666667 -0.258467
0.966667 0.0833333 -0.308597
0.966667 0.1 -0.357881
0.966667 0.116667 -0.406184
0.966667 0.133333 -0.453374
0.966667 0.15 -0.499321
0.966667 0.166667 -0.543899
0.966667 0.183333 -0.586987
0.966667 0.2 -0.628465
0.966667 0.216667 -0.668221
0.966667 0.233333 -0.706146
0.966667 0.25 -0.742135
0.966667 0.266667 -0.77609
0.966667 0.283333 -0.807918
0.966667 0.3 -0.837531
0.966667 0.316667 -0.864849
0.966667 0.333333 -0.889796
0.966667 0.35 -0.912304
0.966667 0.366667 -0.932312
0.966667 0.383333 -0.949765
0.966667 0.4 -0.964614
0.966667 0.416667 -0.976819
0.966667 0.433333 -0.986347
0.966667 0.45 -0.993171
0.966667 0.466667 -0.997273
0.966667 0.483333 -0.998642
0.966667 0.5 -0.997274
0.966667 0.516667 -0.993172
0.966667 0.533333 -0.986348
0.966667 0.55 -0.976821
0.966667 0.566667 -0.964616
0.966667 0.583333 -0.949767
0.966667 0.6 -0.932315
0.966667 0.616667 -0.912307
0.966667 0.633333 -0.889799
0.966667 0.65 -0.864852
0.966667 0.666667 -0.837535
0.966667 0.683333 -0.807922
0.966667 0.7 -0.776095
0.966667 0.716667 -0.74214
0.966667 0.733333 -0.706152
0.966667 0.75 -0.668228
0.966667 0.766667 -0.628472
0.966667 0.783333 -0.586994
0.966667 0.8 -0.543907
0.966667 0.816667 -0.49933
0.966667 0.833333 -0.453384
0.966667 0.85 -0.406196
0.966667 0.866667 -0.357895
0.966667 0.883333 -0.308614
0.966667 0.9 -0.258487
0.966667 0.916667 -0.207654
0.966667 0.933333 -0.156255
0.966667 0.95 -0.104434
0.966667 0.966667 -0.0523435
