0 0 0
0 0.0625 0.00390625
0 0.125 0.015625
0 0.1875 0.0351562
0 0.25 0.0625
0 0.3125 0.0976562
0 0.375 0.140625
0 0.4375 0.191406
0 0.5 0.25
0 0.5625 0.316406
0 0.625 0.390625
0 0.6875 0.472656
0 0.75 0.5625
0 0.8125 0.660156
0 0.875 0.765625
0 0.9375 0.878906
0 1 1
0.0625 0 0.00390625
0.0625 0.0625 0.0076767
0.0625 0.125 0.01927
0.0625 0.1875 0.0386905
0.0625 0.25 0.0659418
0.0625 0.3125 0.101027
0.0625 0.375 0.143947
0.0625 0.4375 0.194705
0.0625 0.5 0.253298
0.0625 0.5625 0.319728
0.0625 0.625 0.393991
0.0625 0.6875 0.476086
0.0625 0.75 0.566008
0.0625 0.8125 0.663756
0.0625 0.875 0.769324
0.0625 0.9375 0.882709
0.0625 1 1.00391
0.125 0 0.015625
0.125 0.0625 0.01927
0.125 0.125 0.0307473
0.125 0.1875 0.0500655
0.125 0.25 0.0772315
0.125 0.3125 0.112251
0.125 0.375 0.155127
0.125 0.4375 0.205862
0.125 0.5 0.264456
0.125 0.5625 0.330906
0.125 0.625 0.405211
0.125 0.6875 0.487364
0.125 0.75 0.57736
0.125 0.8125 0.675192
0.125 0.875 0.780852
0.125 0.9375 0.894332
0.125 1 1.01562
0.1875 0 0.0351562
0.1875 0.0625 0.0386905
0.1875 0.125 0.0500655
0.1875 0.1875 0.0692933
0.1875 0.25 0.096384
0.1875 0.3125 0.131345
0.1875 0.375 0.174182
0.1875 0.4375 0.224897
0.1875 0.5 0.283491
0.1875 0.5625 0.349961
0.1875 0.625 0.424301
0.1875 0.6875 0.506506
0.1875 0.75 0.596567
0.1875 0.8125 0.694473
0.1875 0.875 0.800214
0.1875 0.9375 0.913779
0.1875 1 1.03516
0.25 0 0.0625
0.25 0.0625 0.0659418
0.25 0.125 0.0772315
0.25 0.1875 0.096384
0.25 0.25 0.123412
0.25 0.3125 0.158324
0.25 0.375 0.201129
0.25 0.4375 0.251828
0.25 0.5 0.310421
0.25 0.5625 0.376907
0.25 0.625 0.451278
0.25 0.6875 0.533525
0.25 0.75 0.62364
0.25 0.8125 0.721608
0.25 0.875 0.827417
0.25 0.9375 0.941052
0.25 1 1.0625
0.3125 0 0.0976562
0.3125 0.0625 0.101027
0.3125 0.125 0.112251
0.3125 0.1875 0.131345
0.3125 0.25 0.158324
0.3125 0.3125 0.1932
0.3125 0.375 0.235979
0.3125 0.4375 0.286665
0.3125 0.5 0.345259
0.3125 0.5625 0.411756
0.3125 0.625 0.486151
0.3125 0.6875 0.568432
0.3125 0.75 0.658587
0.3125 0.8125 0.756604
0.3125 0.875 0.862465
0.3125 0.9375 0.976154
0.3125 1 1.09766
0.375 0 0.140625
0.375 0.0625 0.143947
0.375 0.125 0.155127
0.375 0.1875 0.174182
0.375 0.25 0.201129
0.375 0.3125 0.235979
0.375 0.375 0.278741
0.375 0.4375 0.329419
0.375 0.5 0.388012
0.375 0.5625 0.454518
0.375 0.625 0.528928
0.375 0.6875 0.611232
0.375 0.75 0.701415
0.375 0.8125 0.799464
0.375 0.875 0.90536
0.375 0.9375 1.01909
0.375 1 1.14062
0.4375 0 0.191406
0.4375 0.0625 0.194705
0.4375 0.125 0.205862
0.4375 0.1875 0.224897
0.4375 0.25 0.251828
0.4375 0.3125 0.286665
0.4375 0.375 0.329419
0.4375 0.4375 0.380092
0.4375 0.5 0.438686
0.4375 0.5625 0.505196
0.4375 0.625 0.579613
0.4375 0.6875 0.661928
0.4375 0.75 0.752126
0.4375 0.8125 0.850191
0.4375 0.875 0.956104
0.4375 0.9375 1.06985
0.4375 1 1.19141
0.5 0 0.25
0.5 0.0625 0.253298
0.5 0.125 0.264456
0.5 0.1875 0.283491
0.5 0.25 0.310421
0.5 0.3125 0.345259
0.5 0.375 0.388012
0.5 0.4375 0.438686
0.5 0.5 0.49728
0.5 0.5625 0.563789
0.5 0.625 0.638207
0.5 0.6875 0.720522
0.5 0.75 0.81072
0.5 0.8125 0.908784
0.5 0.875 1.0147
0.5 0.9375 1.12844
0.5 1 1.25
0.5625 0 0.316406
0.5625 0.0625 0.319728
0.5625 0.125 0.330906
0.5625 0.1875 0.349961
0.5625 0.25 0.376907
0.5625 0.3125 0.411756
0.5625 0.375 0.454518
0.5625 0.4375 0.505196
0.5625 0.5 0.563789
0.5625 0.5625 0.630295
0.5625 0.625 0.704705
0.5625 0.6875 0.787009
0.5625 0.75 0.877194
0.5625 0.8125 0.975243
0.5625 0.875 1.08114
0.5625 0.9375 1.19487
0.5625 1 1.31641
0.625 0 0.390625
0.625 0.0625 0.393991
0.625 0.125 0.405211
0.625 0.1875 0.424301
0.625 0.25 0.451278
0.625 0.3125 0.486151
0.625 0.375 0.528928
0.625 0.4375 0.579613
0.625 0.5 0.638207
0.625 0.5625 0.704705
0.625 0.625 0.779101
0.625 0.6875 0.861384
0.625 0.75 0.951543
0.625 0.8125 1.04956
0.625 0.875 1.15543
0.625 0.9375 1.26912
0.625 1 1.39062
0.6875 0 0.472656
0.6875 0.0625 0.476086
0.6875 0.125 0.487364
0.6875 0.1875 0.506506
0.6875 0.25 0.533525
0.6875 0.3125 0.568432
0.6875 0.375 0.611232
0.6875 0.4375 0.661928
0.6875 0.5 0.720522
0.6875 0.5625 0.787009
0.6875 0.625 0.861384
0.6875 0.6875 0.943638
0.6875 0.75 1.03376
0.6875 0.8125 1.13174
0.6875 0.875 1.23755
0.6875 0.9375 1.3512
0.6875 1 1.47266
0.75 0 0.5625
0.75 0.0625 0.566008
0.75 0.125 0.57736
0.75 0.1875 0.596567
0.75 0.25 0.62364
0.75 0.3125 0.658587
0.75 0.375 0.701415
0.75 0.4375 0.752126
0.75 0.5 0.81072
0.75 0.5625 0.877194
0.75 0.625 0.951543
0.75 0.6875 1.03376
0.75 0.75 1.12384
0.75 0.8125 1.22176
0.75 0.875 1.32752
0.75 0.9375 1.4411
0.75 1 1.5625
0.8125 0 0.660156
0.8125 0.0625 0.663756
0.8125 0.125 0.675192
0.8125 0.1875 0.694473
0.8125 0.25 0.721608
0.8125 0.3125 0.756604
0.8125 0.375 0.799464
0.8125 0.4375 0.850191
0.8125 0.5 0.908784
0.8125 0.5625 0.975243
0.8125 0.625 1.04956
0.8125 0.6875 1.13174
0.8125 0.75 1.22176
0.8125 0.8125 1.31962
0.8125 0.875 1.42531
0.8125 0.9375 1.53883
0.8125 1 1.66016
0.875 0 0.765625
0.875 0.0625 0.769324
0.875 0.125 0.780852
0.875 0.1875 0.800214
0.875 0.25 0.827417
0.875 0.3125 0.862465
0.875 0.375 0.90536
0.875 0.4375 0.956104
0.875 0.5 1.0147
0.875 0.5625 1.08114
0.875 0.625 1.15543
0.875 0.6875 1.23755
0.875 0.75 1.32752
0.875 0.8125 1.42531
0.875 0.875 1.53093
0.875 0.9375 1.64437
0.875 1 1.76562
0.9375 0 0.878906
0.9375 0.0625 0.882709
0.9375 0.125 0.894332
0.9375 0.1875 0.913779
0.9375 0.25 0.941052
0.9375 0.3125 0.976154
0.9375 0.375 1.01909
0.9375 0.4375 1.06985
0.9375 0.5 1.12844
0.9375 0.5625 1.19487
0.9375 0.625 1.26912
0.9375 0.6875 1.3512
0.9375 0.75 1.4411
0.9375 0.8125 1.53883
0.9375 0.875 1.64437
0.9375 0.9375 1.75773
0.9375 1 1.87891
1 0 1
1 0.0625 1.00391
1 0.125 1.01562
1 0.1875 1.03516
1 0.25 1.0625
1 0.3125 1.09766
1 0.375 1.14062
1 0.4375 1.19141
1 0.5 1.25
1 0.5625 1.31641
1 0.625 1.39062
1 0.6875 1.47266
1 0.75 1.5625
1 0.8125 1.66016
1 0.875 1.76562
1 0.9375 1.87891
1 1 0
