0 0 0
0 0.0166667 0.000277778
0 0.0333333 0.00111111
0 0.05 0.0025
0 0.0666667 0.00444444
0 0.0833333 0.00694444
0 0.1 0.01
0 0.116667 0.0136111
0 0.133333 0.0177778
0 0.15 0.0225
0 0.166667 0.0277778
0 0.183333 0.0336111
0 0.2 0.04
0 0.216667 0.0469444
0 0.233333 0.0544444
0 0.25 0.0625
0 0.266667 0.0711111
0 0.283333 0.0802778
0 0.3 0.09
0 0.316667 0.100278
0 0.333333 0.111111
0 0.35 0.1225
0 0.366667 0.134444
0 0.383333 0.146944
0 0.4 0.16
0 0.416667 0.173611
0 0.433333 0.187778
0 0.45 0.2025
0 0.466667 0.217778
0 0.483333 0.233611
0 0.5 0.25
0 0.516667 0.266944
0 0.533333 0.284444
0 0.55 0.3025
0 0.566667 0.321111
0 0.583333 0.340278
0 0.6 0.36
0 0.616667 0.380278
0 0.633333 0.401111
0 0.65 0.4225
0 0.666667 0.444444
0 0.683333 0.466944
0 0.7 0.49
0 0.716667 0.513611
0 0.733333 0.537778
0 0.75 0.5625
0 0.766667 0.587778
0 0.783333 0.613611
0 0.8 0.64
0 0.816667 0.666944
0 0.833333 0.694444
0 0.85 0.7225
0 0.866667 0.751111
0 0.883333 0.780278
0 0.9 0.81
0 0.916667 0.840278
0 0.933333 0.871111
0 0.95 0.9025
0 0.966667 0.934444
0 0.983333 0.966944
0 1 1
0.0166667 0 0.000277778
0.0166667 0.0166667 0.000548187
0.0166667 0.0333333 0.00137419
0.0166667 0.05 0.00275581
0.0166667 0.0666667 0.00469307
0.0166667 0.0833333 0.00718598
0.0166667 0.1 0.0102346
0.0166667 0.116667 0.0138388
0.0166667 0.133333 0.0179988
0.0166667 0.15 0.0227146
0.0166667 0.166667 0.027986
0.0166667 0.183333 0.0338132
0.0166667 0.2 0.0401963
0.0166667 0.216667 0.0471351
0.0166667 0.233333 0.0546297
0.0166667 0.25 0.0626801
0.0166667 0.266667 0.0712864
0.0166667 0.283333 0.0804485
0.0166667 0.3 0.0901665
0.0166667 0.316667 0.10044
0.0166667 0.333333 0.11127
0.0166667 0.35 0.122656
0.0166667 0.366667 0.134597
0.0166667 0.383333 0.147095
0.0166667 0.4 0.160148
0.0166667 0.416667 0.173757
0.0166667 0.433333 0.187922
0.0166667 0.45 0.202644
0.0166667 0.466667 0.217921
0.0166667 0.483333 0.233754
0.0166667 0.5 0.250142
0.0166667 0.516667 0.267087
0.0166667 0.533333 0.284588
0.0166667 0.55 0.302645
0.0166667 0.566667 0.321257
0.0166667 0.583333 0.340426
0.0166667 0.6 0.36015
0.0166667 0.616667 0.38043
0.0166667 0.633333 0.401267
0.0166667 0.65 0.422659
0.0166667 0.666667 0.444607
0.0166667 0.683333 0.46711
0.0166667 0.7 0.49017
0.0166667 0.716667 0.513786
0.0166667 0.733333 0.537957
0.0166667 0.75 0.562684
0.0166667 0.766667 0.587967
0.0166667 0.783333 0.613806
0.0166667 0.8 0.6402
0.0166667 0.816667 0.66715
0.0166667 0.833333 0.694656
0.0166667 0.85 0.722718
0.0166667 0.866667 0.751335
0.0166667 0.883333 0.780509
0.0166667 0.9 0.810237
0.0166667 0.916667 0.840522
0.0166667 0.933333 0.871362
0.0166667 0.95 0.902757
0.0166667 0.966667 0.934709
0.0166667 0.983333 0.967215
0.0166667 1 1.00028
0.0333333 0 0.00111111
0.0333333 0.0166667 0.00137419
0.0333333 0.0333333 0.00219291
0.0333333 0.05 0.0035673
0.0333333 0.0666667 0.00549741
0.0333333 0.0833333 0.00798327
0.0333333 0.1 0.0110249
0.0333333 0.116667 0.0146224
0.0333333 0.133333 0.0187758
0.0333333 0.15 0.023485
0.0333333 0.166667 0.0287502
0.0333333 0.183333 0.0345714
0.0333333 0.2 0.0409485
0.0333333 0.216667 0.0478817
0.0333333 0.233333 0.055371
0.0333333 0.25 0.0634163
0.0333333 0.266667 0.0720178
0.0333333 0.283333 0.0811754
0.0333333 0.3 0.0908891
0.0333333 0.316667 0.101159
0.0333333 0.333333 0.111985
0.0333333 0.35 0.123368
0.0333333 0.366667 0.135306
0.0333333 0.383333 0.147801
0.0333333 0.4 0.160852
0.0333333 0.416667 0.17446
0.0333333 0.433333 0.188623
0.0333333 0.45 0.203343
0.0333333 0.466667 0.21862
0.0333333 0.483333 0.234452
0.0333333 0.5 0.250841
0.0333333 0.516667 0.267786
0.0333333 0.533333 0.285288
0.0333333 0.55 0.303346
0.0333333 0.566667 0.32196
0.0333333 0.583333 0.34113
0.0333333 0.6 0.360856
0.0333333 0.616667 0.381139
0.0333333 0.633333 0.401978
0.0333333 0.65 0.423374
0.0333333 0.666667 0.445325
0.0333333 0.683333 0.467833
0.0333333 0.7 0.490896
0.0333333 0.716667 0.514516
0.0333333 0.733333 0.538692
0.0333333 0.75 0.563424
0.0333333 0.766667 0.588712
0.0333333 0.783333 0.614556
0.0333333 0.8 0.640956
0.0333333 0.816667 0.667912
0.0333333 0.833333 0.695424
0.0333333 0.85 0.723492
0.0333333 0.866667 0.752116
0.0333333 0.883333 0.781295
0.0333333 0.9 0.81103
0.0333333 0.916667 0.841321
0.0333333 0.933333 0.872168
0.0333333 0.95 0.90357
0.0333333 0.966667 0.935528
0.0333333 0.983333 0.968042
0.0333333 1 1.00111
0.05 0 0.0025
0.05 0.0166667 0.00275581
0.05 0.0333333 0.0035673
0.05 0.05 0.00493452
0.05 0.0666667 0.00685754
0.05 0.0833333 0.00933641
0.05 0.1 0.0123712
0.05 0.116667 0.0159619
0.05 0.133333 0.0201087
0.05 0.15 0.0248115
0.05 0.166667 0.0300705
0.05 0.183333 0.0358856
0.05 0.2 0.042257
0.05 0.216667 0.0491846
0.05 0.233333 0.0566686
0.05 0.25 0.0647089
0.05 0.266667 0.0733055
0.05 0.283333 0.0824587
0.05 0.3 0.0921683
0.05 0.316667 0.102434
0.05 0.333333 0.113257
0.05 0.35 0.124636
0.05 0.366667 0.136572
0.05 0.383333 0.149064
0.05 0.4 0.162113
0.05 0.416667 0.175719
0.05 0.433333 0.189881
0.05 0.45 0.2046
0.05 0.466667 0.219875
0.05 0.483333 0.235708
0.05 0.5 0.252097
0.05 0.516667 0.269042
0.05 0.533333 0.286544
0.05 0.55 0.304603
0.05 0.566667 0.323219
0.05 0.583333 0.342391
0.05 0.6 0.362119
0.05 0.616667 0.382405
0.05 0.633333 0.403247
0.05 0.65 0.424645
0.05 0.666667 0.4466
0.05 0.683333 0.469111
0.05 0.7 0.492179
0.05 0.716667 0.515803
0.05 0.733333 0.539984
0.05 0.75 0.564721
0.05 0.766667 0.590014
0.05 0.783333 0.615863
0.05 0.8 0.642269
0.05 0.816667 0.66923
0.05 0.833333 0.696748
0.05 0.85 0.724822
0.05 0.866667 0.753452
0.05 0.883333 0.782638
0.05 0.9 0.812379
0.05 0.916667 0.842677
0.05 0.933333 0.87353
0.05 0.95 0.904939
0.05 0.966667 0.936904
0.05 0.983333 0.969424
0.05 1 1.0025
0.0666667 0 0.00444444
0.0666667 0.0166667 0.00469307
0.0666667 0.0333333 0.00549741
0.0666667 0.05 0.00685754
0.0666667 0.0666667 0.00877355
0.0666667 0.0833333 0.0112455
0.0666667 0.1 0.0142735
0.0666667 0.116667 0.0178576
0.0666667 0.133333 0.0219978
0.0666667 0.15 0.0266943
0.0666667 0.166667 0.0319471
0.0666667 0.183333 0.0377563
0.0666667 0.2 0.0441219
0.0666667 0.216667 0.051044
0.0666667 0.233333 0.0585227
0.0666667 0.25 0.066558
0.0666667 0.266667 0.07515
0.0666667 0.283333 0.0842987
0.0666667 0.3 0.0940041
0.0666667 0.316667 0.104266
0.0666667 0.333333 0.115086
0.0666667 0.35 0.126461
0.0666667 0.366667 0.138394
0.0666667 0.383333 0.150884
0.0666667 0.4 0.163931
0.0666667 0.416667 0.177535
0.0666667 0.433333 0.191696
0.0666667 0.45 0.206413
0.0666667 0.466667 0.221688
0.0666667 0.483333 0.23752
0.0666667 0.5 0.253909
0.0666667 0.516667 0.270855
0.0666667 0.533333 0.288358
0.0666667 0.55 0.306418
0.0666667 0.566667 0.325035
0.0666667 0.583333 0.344209
0.0666667 0.6 0.363939
0.0666667 0.616667 0.384227
0.0666667 0.633333 0.405072
0.0666667 0.65 0.426473
0.0666667 0.666667 0.448431
0.0666667 0.683333 0.470947
0.0666667 0.7 0.494018
0.0666667 0.716667 0.517647
0.0666667 0.733333 0.541832
0.0666667 0.75 0.566574
0.0666667 0.766667 0.591872
0.0666667 0.783333 0.617726
0.0666667 0.8 0.644137
0.0666667 0.816667 0.671105
0.0666667 0.833333 0.698628
0.0666667 0.85 0.726708
0.0666667 0.866667 0.755344
0.0666667 0.883333 0.784536
0.0666667 0.9 0.814284
0.0666667 0.916667 0.844588
0.0666667 0.933333 0.875448
0.0666667 0.95 0.906864
0.0666667 0.966667 0.938835
0.0666667 0.983333 0.971362
0.0666667 1 1.00444
0.0833333 0 0.00694444
0.0833333 0.0166667 0.00718598
0.0833333 0.0333333 0.00798327
0.0833333 0.05 0.00933641
0.0833333 0.0666667 0.0112455
0.0833333 0.0833333 0.0137106
0.0833333 0.1 0.0167319
0.0833333 0.116667 0.0203094
0.0833333 0.133333 0.0244432
0.0833333 0.15 0.0291335
0.0833333 0.166667 0.0343802
0.0833333 0.183333 0.0401835
0.0833333 0.2 0.0465435
0.0833333 0.216667 0.0534602
0.0833333 0.233333 0.0609337
0.0833333 0.25 0.0689641
0.0833333 0.266667 0.0775514
0.0833333 0.283333 0.0866957
0.0833333 0.3 0.0963971
0.0833333 0.316667 0.106656
0.0833333 0.333333 0.117471
0.0833333 0.35 0.128844
0.0833333 0.366667 0.140774
0.0833333 0.383333 0.153262
0.0833333 0.4 0.166306
0.0833333 0.416667 0.179908
0.0833333 0.433333 0.194068
0.0833333 0.45 0.208784
0.0833333 0.466667 0.224058
0.0833333 0.483333 0.23989
0.0833333 0.5 0.256279
0.0833333 0.516667 0.273225
0.0833333 0.533333 0.290729
0.0833333 0.55 0.30879
0.0833333 0.566667 0.327408
0.0833333 0.583333 0.346584
0.0833333 0.6 0.366317
0.0833333 0.616667 0.386607
0.0833333 0.633333 0.407454
0.0833333 0.65 0.428859
0.0833333 0.666667 0.45082
0.0833333 0.683333 0.473339
0.0833333 0.7 0.496415
0.0833333 0.716667 0.520047
0.0833333 0.733333 0.544237
0.0833333 0.75 0.568983
0.0833333 0.766667 0.594286
0.0833333 0.783333 0.620146
0.0833333 0.8 0.646563
0.0833333 0.816667 0.673536
0.0833333 0.833333 0.701065
0.0833333 0.85 0.729151
0.0833333 0.866667 0.757793
0.0833333 0.883333 0.786991
0.0833333 0.9 0.816745
0.0833333 0.916667 0.847056
0.0833333 0.933333 0.877922
0.0833333 0.95 0.909344
0.0833333 0.966667 0.941322
0.0833333 0.983333 0.973855
0.0833333 1 1.00694
0.1 0 0.01
0.1 0.0166667 0.0102346
0.1 0.0333333 0.0110249
0.1 0.05 0.0123712
0.1 0.0666667 0.0142735
0.1 0.0833333 0.0167319
0.1 0.1 0.0197466
0.1 0.116667 0.0233176
0.1 0.133333 0.0274451
0.1 0.15 0.0321292
0.1 0.166667 0.03737
0.1 0.183333 0.0431675
0.1 0.2 0.0495219
0.1 0.216667 0.0564333
0.1 0.233333 0.0639017
0.1 0.25 0.0719272
0.1 0.266667 0.08051
0.1 0.283333 0.08965
0.1 0.3 0.0993474
0.1 0.316667 0.109602
0.1 0.333333 0.120414
0.1 0.35 0.131784
0.1 0.366667 0.143711
0.1 0.383333 0.156196
0.1 0.4 0.169239
0.1 0.416667 0.182839
0.1 0.433333 0.196997
0.1 0.45 0.211713
0.1 0.466667 0.226986
0.1 0.483333 0.242818
0.1 0.5 0.259206
0.1 0.516667 0.276153
0.1 0.533333 0.293657
0.1 0.55 0.311719
0.1 0.566667 0.330339
0.1 0.583333 0.349516
0.1 0.6 0.369251
0.1 0.616667 0.389544
0.1 0.633333 0.410394
0.1 0.65 0.431802
0.1 0.666667 0.453766
0.1 0.683333 0.476289
0.1 0.7 0.499368
0.1 0.716667 0.523005
0.1 0.733333 0.547199
0.1 0.75 0.57195
0.1 0.766667 0.597258
0.1 0.783333 0.623123
0.1 0.8 0.649545
0.1 0.816667 0.676523
0.1 0.833333 0.704058
0.1 0.85 0.73215
0.1 0.866667 0.760798
0.1 0.883333 0.790002
0.1 0.9 0.819763
0.1 0.916667 0.850079
0.1 0.933333 0.880952
0.1 0.95 0.91238
0.1 0.966667 0.944365
0.1 0.983333 0.976905
0.1 1 1.01
0.116667 0 0.0136111
0.116667 0.0166667 0.0138388
0.116667 0.0333333 0.0146224
0.116667 0.05 0.0159619
0.116667 0.0666667 0.0178576
0.116667 0.0833333 0.0203094
0.116667 0.1 0.0233176
0.116667 0.116667 0.0268823
0.116667 0.133333 0.0310037
0.116667 0.15 0.0356817
0.116667 0.166667 0.0409166
0.116667 0.183333 0.0467085
0.116667 0.2 0.0530574
0.116667 0.216667 0.0599636
0.116667 0.233333 0.067427
0.116667 0.25 0.0754478
0.116667 0.266667 0.084026
0.116667 0.283333 0.0931618
0.116667 0.3 0.102855
0.116667 0.316667 0.113106
0.116667 0.333333 0.123915
0.116667 0.35 0.135282
0.116667 0.366667 0.147207
0.116667 0.383333 0.159689
0.116667 0.4 0.17273
0.116667 0.416667 0.186328
0.116667 0.433333 0.200485
0.116667 0.45 0.2152
0.116667 0.466667 0.230472
0.116667 0.483333 0.246303
0.116667 0.5 0.262692
0.116667 0.516667 0.279639
0.116667 0.533333 0.297144
0.116667 0.55 0.315207
0.116667 0.566667 0.333828
0.116667 0.583333 0.353007
0.116667 0.6 0.372744
0.116667 0.616667 0.393039
0.116667 0.633333 0.413892
0.116667 0.65 0.435302
0.116667 0.666667 0.45727
0.116667 0.683333 0.479796
0.116667 0.7 0.50288
0.116667 0.716667 0.526521
0.116667 0.733333 0.550719
0.116667 0.75 0.575474
0.116667 0.766667 0.600787
0.116667 0.783333 0.626657
0.116667 0.8 0.653084
0.116667 0.816667 0.680068
0.116667 0.833333 0.707608
0.116667 0.85 0.735706
0.116667 0.866667 0.764359
0.116667 0.883333 0.79357
0.116667 0.9 0.823336
0.116667 0.916667 0.853659
0.116667 0.933333 0.884538
0.116667 0.95 0.915973
0.116667 0.966667 0.947963
0.116667 0.983333 0.980509
0.116667 1 1.01361
0.133333 0 0.0177778
0.133333 0.0166667 0.0179988
0.133333 0.0333333 0.0187758
0.133333 0.05 0.0201087
0.133333 0.0666667 0.0219978
0.133333 0.0833333 0.0244432
0.133333 0.1 0.0274451
0.133333 0.116667 0.0310037
0.133333 0.133333 0.0351189
0.133333 0.15 0.0397911
0.133333 0.166667 0.0450203
0.133333 0.183333 0.0508066
0.133333 0.2 0.0571502
0.133333 0.216667 0.0640513
0.133333 0.233333 0.0715098
0.133333 0.25 0.0795259
0.133333 0.266667 0.0880998
0.133333 0.283333 0.0972315
0.133333 0.3 0.106921
0.133333 0.316667 0.117169
0.133333 0.333333 0.127974
0.133333 0.35 0.139338
0.133333 0.366667 0.15126
0.133333 0.383333 0.16374
0.133333 0.4 0.176779
0.133333 0.416667 0.190376
0.133333 0.433333 0.204531
0.133333 0.45 0.219245
0.133333 0.466667 0.234517
0.133333 0.483333 0.250347
0.133333 0.5 0.266736
0.133333 0.516667 0.283683
0.133333 0.533333 0.301189
0.133333 0.55 0.319253
0.133333 0.566667 0.337876
0.133333 0.583333 0.357056
0.133333 0.6 0.376795
0.133333 0.616667 0.397092
0.133333 0.633333 0.417948
0.133333 0.65 0.439361
0.133333 0.666667 0.461332
0.133333 0.683333 0.483862
0.133333 0.7 0.506949
0.133333 0.716667 0.530594
0.133333 0.733333 0.554796
0.133333 0.75 0.579556
0.133333 0.766667 0.604874
0.133333 0.783333 0.630748
0.133333 0.8 0.65718
0.133333 0.816667 0.684169
0.133333 0.833333 0.711715
0.133333 0.85 0.739818
0.133333 0.866667 0.768478
0.133333 0.883333 0.797694
0.133333 0.9 0.827466
0.133333 0.916667 0.857795
0.133333 0.933333 0.88868
0.133333 0.95 0.920121
0.133333 0.966667 0.952117
0.133333 0.983333 0.98467
0.133333 1 1.01778
0.15 0 0.0225
0.15 0.0166667 0.0227146
0.15 0.0333333 0.023485
0.15 0.05 0.0248115
0.15 0.0666667 0.0266943
0.15 0.0833333 0.0291335
0.15 0.1 0.0321292
0.15 0.116667 0.0356817
0.15 0.133333 0.0397911
0.15 0.15 0.0444575
0.15 0.166667 0.0496811
0.15 0.183333 0.0554621
0.15 0.2 0.0618005
0.15 0.216667 0.0686966
0.15 0.233333 0.0761503
0.15 0.25 0.084162
0.15 0.266667 0.0927316
0.15 0.283333 0.101859
0.15 0.3 0.111545
0.15 0.316667 0.121789
0.15 0.333333 0.132592
0.15 0.35 0.143953
0.15 0.366667 0.155872
0.15 0.383333 0.16835
0.15 0.4 0.181387
0.15 0.416667 0.194982
0.15 0.433333 0.209136
0.15 0.45 0.223848
0.15 0.466667 0.23912
0.15 0.483333 0.25495
0.15 0.5 0.271339
0.15 0.516667 0.288286
0.15 0.533333 0.305793
0.15 0.55 0.323858
0.15 0.566667 0.342482
0.15 0.583333 0.361664
0.15 0.6 0.381405
0.15 0.616667 0.401704
0.15 0.633333 0.422562
0.15 0.65 0.443978
0.15 0.666667 0.465953
0.15 0.683333 0.488485
0.15 0.7 0.511576
0.15 0.716667 0.535225
0.15 0.733333 0.559431
0.15 0.75 0.584196
0.15 0.766667 0.609518
0.15 0.783333 0.635397
0.15 0.8 0.661834
0.15 0.816667 0.688828
0.15 0.833333 0.71638
0.15 0.85 0.744488
0.15 0.866667 0.773153
0.15 0.883333 0.802375
0.15 0.9 0.832153
0.15 0.916667 0.862487
0.15 0.933333 0.893378
0.15 0.95 0.924825
0.15 0.966667 0.956828
0.15 0.983333 0.989386
0.15 1 1.0225
0.166667 0 0.0277778
0.166667 0.0166667 0.027986
0.166667 0.0333333 0.0287502
0.166667 0.05 0.0300705
0.166667 0.0666667 0.0319471
0.166667 0.0833333 0.0343802
0.166667 0.1 0.03737
0.166667 0.116667 0.0409166
0.166667 0.133333 0.0450203
0.166667 0.15 0.0496811
0.166667 0.166667 0.0548993
0.166667 0.183333 0.0606751
0.166667 0.2 0.0670085
0.166667 0.216667 0.0738997
0.166667 0.233333 0.0813488
0.166667 0.25 0.0893561
0.166667 0.266667 0.0979215
0.166667 0.283333 0.107045
0.166667 0.3 0.116728
0.166667 0.316667 0.126968
0.166667 0.333333 0.137768
0.166667 0.35 0.149126
0.166667 0.366667 0.161043
0.166667 0.383333 0.173519
0.166667 0.4 0.186553
0.166667 0.416667 0.200147
0.166667 0.433333 0.2143
0.166667 0.45 0.229011
0.166667 0.466667 0.244282
0.166667 0.483333 0.260112
0.166667 0.5 0.276501
0.166667 0.516667 0.293449
0.166667 0.533333 0.310956
0.166667 0.55 0.329022
0.166667 0.566667 0.347647
0.166667 0.583333 0.36683
0.166667 0.6 0.386573
0.166667 0.616667 0.406875
0.166667 0.633333 0.427735
0.166667 0.65 0.449154
0.166667 0.666667 0.471131
0.166667 0.683333 0.493667
0.166667 0.7 0.516761
0.166667 0.716667 0.540414
0.166667 0.733333 0.564624
0.166667 0.75 0.589393
0.166667 0.766667 0.61472
0.166667 0.783333 0.640604
0.166667 0.8 0.667045
0.166667 0.816667 0.694045
0.166667 0.833333 0.721601
0.166667 0.85 0.749714
0.166667 0.866667 0.778385
0.166667 0.883333 0.807612
0.166667 0.9 0.837396
0.166667 0.916667 0.867736
0.166667 0.933333 0.898633
0.166667 0.95 0.930085
0.166667 0.966667 0.962094
0.166667 0.983333 0.994658
0.166667 1 1.02778
0.183333 0 0.0336111
0.183333 0.0166667 0.0338132
0.183333 0.0333333 0.0345714
0.183333 0.05 0.0358856
0.183333 0.0666667 0.0377563
0.183333 0.0833333 0.0401835
0.183333 0.1 0.0431675
0.183333 0.116667 0.0467085
0.183333 0.133333 0.0508066
0.183333 0.15 0.0554621
0.183333 0.166667 0.0606751
0.183333 0.183333 0.0664457
0.183333 0.2 0.0727743
0.183333 0.216667 0.0796608
0.183333 0.233333 0.0871055
0.183333 0.25 0.0951085
0.183333 0.266667 0.10367
0.183333 0.283333 0.11279
0.183333 0.3 0.122469
0.183333 0.316667 0.132706
0.183333 0.333333 0.143503
0.183333 0.35 0.154858
0.183333 0.366667 0.166773
0.183333 0.383333 0.179246
0.183333 0.4 0.192279
0.183333 0.416667 0.205871
0.183333 0.433333 0.220023
0.183333 0.45 0.234733
0.183333 0.466667 0.250004
0.183333 0.483333 0.265833
0.183333 0.5 0.282222
0.183333 0.516667 0.29917
0.183333 0.533333 0.316678
0.183333 0.55 0.334745
0.183333 0.566667 0.353371
0.183333 0.583333 0.372556
0.183333 0.6 0.392301
0.183333 0.616667 0.412604
0.183333 0.633333 0.433467
0.183333 0.65 0.454888
0.183333 0.666667 0.476869
0.183333 0.683333 0.499408
0.183333 0.7 0.522506
0.183333 0.716667 0.546162
0.183333 0.733333 0.570376
0.183333 0.75 0.595149
0.183333 0.766667 0.620479
0.183333 0.783333 0.646368
0.183333 0.8 0.672814
0.183333 0.816667 0.699818
0.183333 0.833333 0.72738
0.183333 0.85 0.755498
0.183333 0.866667 0.784174
0.183333 0.883333 0.813406
0.183333 0.9 0.843196
0.183333 0.916667 0.873541
0.183333 0.933333 0.904443
0.183333 0.95 0.935902
0.183333 0.966667 0.967916
0.183333 0.983333 1.00049
0.183333 1 1.03361
0.2 0 0.04
0.2 0.0166667 0.0401963
0.2 0.0333333 0.0409485
0.2 0.05 0.042257
0.2 0.0666667 0.0441219
0.2 0.0833333 0.0465435
0.2 0.1 0.0495219
0.2 0.116667 0.0530574
0.2 0.133333 0.0571502
0.2 0.15 0.0618005
0.2 0.166667 0.0670085
0.2 0.183333 0.0727743
0.2 0.2 0.0790981
0.2 0.216667 0.0859801
0.2 0.233333 0.0934205
0.2 0.25 0.101419
0.2 0.266667 0.109977
0.2 0.283333 0.119093
0.2 0.3 0.128769
0.2 0.316667 0.139003
0.2 0.333333 0.149797
0.2 0.35 0.16115
0.2 0.366667 0.173062
0.2 0.383333 0.185533
0.2 0.4 0.198564
0.2 0.416667 0.212155
0.2 0.433333 0.226305
0.2 0.45 0.241015
0.2 0.466667 0.256285
0.2 0.483333 0.272114
0.2 0.5 0.288503
0.2 0.516667 0.305451
0.2 0.533333 0.32296
0.2 0.55 0.341027
0.2 0.566667 0.359655
0.2 0.583333 0.378841
0.2 0.6 0.398588
0.2 0.616667 0.418893
0.2 0.633333 0.439758
0.2 0.65 0.461182
0.2 0.666667 0.483165
0.2 0.683333 0.505708
0.2 0.7 0.528808
0.2 0.716667 0.552468
0.2 0.733333 0.576686
0.2 0.75 0.601463
0.2 0.766667 0.626798
0.2 0.783333 0.652691
0.2 0.8 0.679141
0.2 0.816667 0.70615
0.2 0.833333 0.733716
0.2 0.85 0.76184
0.2 0.866667 0.79052
0.2 0.883333 0.819758
0.2 0.9 0.849552
0.2 0.916667 0.879903
0.2 0.933333 0.910811
0.2 0.95 0.942274
0.2 0.966667 0.974294
0.2 0.983333 1.00687
0.2 1 1.04
0.216667 0 0.0469444
0.216667 0.0166667 0.0471351
0.216667 0.0333333 0.0478817
0.216667 0.05 0.0491846
0.216667 0.0666667 0.051044
0.216667 0.0833333 0.0534602
0.216667 0.1 0.0564333
0.216667 0.116667 0.0599636
0.216667 0.133333 0.0640513
0.216667 0.15 0.0686966
0.216667 0.166667 0.0738997
0.216667 0.183333 0.0796608
0.216667 0.2 0.0859801
0.216667 0.216667 0.0928578
0.216667 0.233333 0.100294
0.216667 0.25 0.108289
0.216667 0.266667 0.116843
0.216667 0.283333 0.125956
0.216667 0.3 0.135628
0.216667 0.316667 0.145859
0.216667 0.333333 0.15665
0.216667 0.35 0.168001
0.216667 0.366667 0.17991
0.216667 0.383333 0.19238
0.216667 0.4 0.205409
0.216667 0.416667 0.218999
0.216667 0.433333 0.233148
0.216667 0.45 0.247857
0.216667 0.466667 0.263126
0.216667 0.483333 0.278955
0.216667 0.5 0.295344
0.216667 0.516667 0.312292
0.216667 0.533333 0.329801
0.216667 0.55 0.34787
0.216667 0.566667 0.366498
0.216667 0.583333 0.385687
0.216667 0.6 0.405434
0.216667 0.616667 0.425742
0.216667 0.633333 0.446609
0.216667 0.65 0.468036
0.216667 0.666667 0.490021
0.216667 0.683333 0.512566
0.216667 0.7 0.53567
0.216667 0.716667 0.559333
0.216667 0.733333 0.583555
0.216667 0.75 0.608335
0.216667 0.766667 0.633674
0.216667 0.783333 0.659571
0.216667 0.8 0.686026
0.216667 0.816667 0.713039
0.216667 0.833333 0.74061
0.216667 0.85 0.768738
0.216667 0.866667 0.797424
0.216667 0.883333 0.826666
0.216667 0.9 0.856466
0.216667 0.916667 0.886822
0.216667 0.933333 0.917734
0.216667 0.95 0.949203
0.216667 0.966667 0.981228
0.216667 0.983333 1.01381
0.216667 1 1.04694
0.233333 0 0.0544444
0.233333 0.0166667 0.0546297
0.233333 0.0333333 0.055371
0.233333 0.05 0.0566686
0.233333 0.0666667 0.0585227
0.233333 0.0833333 0.0609337
0.233333 0.1 0.0639017
0.233333 0.116667 0.067427
0.233333 0.133333 0.0715098
0.233333 0.15 0.0761503
0.233333 0.166667 0.0813488
0.233333 0.183333 0.0871055
0.233333 0.2 0.0934205
0.233333 0.216667 0.100294
0.233333 0.233333 0.107726
0.233333 0.25 0.115718
0.233333 0.266667 0.124268
0.233333 0.283333 0.133378
0.233333 0.3 0.143047
0.233333 0.316667 0.153275
0.233333 0.333333 0.164063
0.233333 0.35 0.175411
0.233333 0.366667 0.187319
0.233333 0.383333 0.199787
0.233333 0.4 0.212815
0.233333 0.416667 0.226403
0.233333 0.433333 0.240551
0.233333 0.45 0.255259
0.233333 0.466667 0.270527
0.233333 0.483333 0.286356
0.233333 0.5 0.302745
0.233333 0.516667 0.319694
0.233333 0.533333 0.337203
0.233333 0.55 0.355273
0.233333 0.566667 0.373902
0.233333 0.583333 0.393092
0.233333 0.6 0.412841
0.233333 0.616667 0.43315
0.233333 0.633333 0.45402
0.233333 0.65 0.475448
0.233333 0.666667 0.497437
0.233333 0.683333 0.519985
0.233333 0.7 0.543092
0.233333 0.716667 0.566758
0.233333 0.733333 0.590983
0.233333 0.75 0.615767
0.233333 0.766667 0.641109
0.233333 0.783333 0.66701
0.233333 0.8 0.69347
0.233333 0.816667 0.720487
0.233333 0.833333 0.748062
0.233333 0.85 0.776195
0.233333 0.866667 0.804885
0.233333 0.883333 0.834132
0.233333 0.9 0.863936
0.233333 0.916667 0.894297
0.233333 0.933333 0.925215
0.233333 0.95 0.956688
0.233333 0.966667 0.988718
0.233333 0.983333 1.0213
0.233333 1 1.05444
0.25 0 0.0625
0.25 0.0166667 0.0626801
0.25 0.0333333 0.0634163
0.25 0.05 0.0647089
0.25 0.0666667 0.066558
0.25 0.0833333 0.0689641
0.25 0.1 0.0719272
0.25 0.116667 0.0754478
0.25 0.133333 0.0795259
0.25 0.15 0.084162
0.25 0.166667 0.0893561
0.25 0.183333 0.0951085
0.25 0.2 0.101419
0.25 0.216667 0.108289
0.25 0.233333 0.115718
0.25 0.25 0.123705
0.25 0.266667 0.132252
0.25 0.283333 0.141359
0.25 0.3 0.151025
0.25 0.316667 0.161251
0.25 0.333333 0.172036
0.25 0.35 0.183382
0.25 0.366667 0.195288
0.25 0.383333 0.207754
0.25 0.4 0.22078
0.25 0.416667 0.234367
0.25 0.433333 0.248514
0.25 0.45 0.263221
0.25 0.466667 0.278489
0.25 0.483333 0.294317
0.25 0.5 0.310706
0.25 0.516667 0.327656
0.25 0.533333 0.345165
0.25 0.55 0.363236
0.25 0.566667 0.381866
0.25 0.583333 0.401057
0.25 0.6 0.420808
0.25 0.616667 0.441119
0.25 0.633333 0.46199
0.25 0.65 0.483421
0.25 0.666667 0.505412
0.25 0.683333 0.527963
0.25 0.7 0.551072
0.25 0.716667 0.574742
0.25 0.733333 0.59897
0.25 0.75 0.623757
0.25 0.766667 0.649103
0.25 0.783333 0.675008
0.25 0.8 0.701471
0.25 0.816667 0.728493
0.25 0.833333 0.756072
0.25 0.85 0.784209
0.25 0.866667 0.812903
0.25 0.883333 0.842155
0.25 0.9 0.871964
0.25 0.916667 0.902329
0.25 0.933333 0.933251
0.25 0.95 0.96473
0.25 0.966667 0.996764
0.25 0.983333 1.02935
0.25 1 1.0625
0.266667 0 0.0711111
0.266667 0.0166667 0.0712864
0.266667 0.0333333 0.0720178
0.266667 0.05 0.0733055
0.266667 0.0666667 0.07515
0.266667 0.0833333 0.0775514
0.266667 0.1 0.08051
0.266667 0.116667 0.084026
0.266667 0.133333 0.0880998
0.266667 0.15 0.0927316
0.266667 0.166667 0.0979215
0.266667 0.183333 0.10367
0.266667 0.2 0.109977
0.266667 0.216667 0.116843
0.266667 0.233333 0.124268
0.266667 0.25 0.132252
0.266667 0.266667 0.140796
0.266667 0.283333 0.1499
0.266667 0.3 0.159563
0.266667 0.316667 0.169786
0.266667 0.333333 0.180569
0.266667 0.35 0.191913
0.266667 0.366667 0.203817
0.266667 0.383333 0.216281
0.266667 0.4 0.229306
0.266667 0.416667 0.242891
0.266667 0.433333 0.257037
0.266667 0.45 0.271744
0.266667 0.466667 0.287012
0.266667 0.483333 0.30284
0.266667 0.5 0.319229
0.266667 0.516667 0.336178
0.266667 0.533333 0.353688
0.266667 0.55 0.371759
0.266667 0.566667 0.390391
0.266667 0.583333 0.409583
0.266667 0.6 0.429335
0.266667 0.616667 0.449648
0.266667 0.633333 0.470521
0.266667 0.65 0.491954
0.266667 0.666667 0.513947
0.266667 0.683333 0.5365
0.266667 0.7 0.559613
0.266667 0.716667 0.583285
0.266667 0.733333 0.607516
0.266667 0.75 0.632307
0.266667 0.766667 0.657656
0.266667 0.783333 0.683565
0.266667 0.8 0.710031
0.266667 0.816667 0.737057
0.266667 0.833333 0.76464
0.266667 0.85 0.792781
0.266667 0.866667 0.821479
0.266667 0.883333 0.850735
0.266667 0.9 0.880548
0.266667 0.916667 0.910918
0.266667 0.933333 0.941844
0.266667 0.95 0.973327
0.266667 0.966667 1.00537
0.266667 0.983333 1.03796
0.266667 1 1.07111
0.283333 0 0.0802778
0.283333 0.0166667 0.0804485
0.283333 0.0333333 0.0811754
0.283333 0.05 0.0824587
0.283333 0.0666667 0.0842987
0.283333 0.0833333 0.0866957
0.283333 0.1 0.08965
0.283333 0.116667 0.0931618
0.283333 0.133333 0.0972315
0.283333 0.15 0.101859
0.283333 0.166667 0.107045
0.283333 0.183333 0.11279
0.283333 0.2 0.119093
0.283333 0.216667 0.125956
0.283333 0.233333 0.133378
0.283333 0.25 0.141359
0.283333 0.266667 0.1499
0.283333 0.283333 0.159
0.283333 0.3 0.168661
0.283333 0.316667 0.178882
0.283333 0.333333 0.189663
0.283333 0.35 0.201004
0.283333 0.366667 0.212906
0.283333 0.383333 0.225369
0.283333 0.4 0.238393
0.283333 0.416667 0.251977
0.283333 0.433333 0.266122
0.283333 0.45 0.280828
0.283333 0.466667 0.296095
0.283333 0.483333 0.311923
0.283333 0.5 0.328312
0.283333 0.516667 0.345262
0.283333 0.533333 0.362772
0.283333 0.55 0.380844
0.283333 0.566667 0.399476
0.283333 0.583333 0.418669
0.283333 0.6 0.438423
0.283333 0.616667 0.458738
0.283333 0.633333 0.479612
0.283333 0.65 0.501047
0.283333 0.666667 0.523043
0.283333 0.683333 0.545598
0.283333 0.7 0.568713
0.283333 0.716667 0.592388
0.283333 0.733333 0.616622
0.283333 0.75 0.641416
0.283333 0.766667 0.666768
0.283333 0.783333 0.69268
0.283333 0.8 0.71915
0.283333 0.816667 0.746179
0.283333 0.833333 0.773766
0.283333 0.85 0.80191
0.283333 0.866667 0.830613
0.283333 0.883333 0.859873
0.283333 0.9 0.88969
0.283333 0.916667 0.920064
0.283333 0.933333 0.950994
0.283333 0.95 0.982481
0.283333 0.966667 1.01452
0.283333 0.983333 1.04712
0.283333 1 1.08028
0.3 0 0.09
0.3 0.0166667 0.0901665
0.3 0.0333333 0.0908891
0.3 0.05 0.0921683
0.3 0.0666667 0.0940041
0.3 0.0833333 0.0963971
0.3 0.1 0.0993474
0.3 0.116667 0.102855
0.3 0.133333 0.106921
0.3 0.15 0.111545
0.3 0.166667 0.116728
0.3 0.183333 0.122469
0.3 0.2 0.128769
0.3 0.216667 0.135628
0.3 0.233333 0.143047
0.3 0.25 0.151025
0.3 0.266667 0.159563
0.3 0.283333 0.168661
0.3 0.3 0.178319
0.3 0.316667 0.188538
0.3 0.333333 0.199317
0.3 0.35 0.210656
0.3 0.366667 0.222557
0.3 0.383333 0.235018
0.3 0.4 0.24804
0.3 0.416667 0.261623
0.3 0.433333 0.275768
0.3 0.45 0.290473
0.3 0.466667 0.30574
0.3 0.483333 0.321567
0.3 0.5 0.337956
0.3 0.516667 0.354906
0.3 0.533333 0.372417
0.3 0.55 0.39049
0.3 0.566667 0.409123
0.3 0.583333 0.428317
0.3 0.6 0.448072
0.3 0.616667 0.468388
0.3 0.633333 0.489264
0.3 0.65 0.510701
0.3 0.666667 0.532698
0.3 0.683333 0.555256
0.3 0.7 0.578373
0.3 0.716667 0.602051
0.3 0.733333 0.626288
0.3 0.75 0.651084
0.3 0.766667 0.67644
0.3 0.783333 0.702354
0.3 0.8 0.728828
0.3 0.816667 0.75586
0.3 0.833333 0.78345
0.3 0.85 0.811598
0.3 0.866667 0.840304
0.3 0.883333 0.869568
0.3 0.9 0.899389
0.3 0.916667 0.929767
0.3 0.933333 0.960701
0.3 0.95 0.992192
0.3 0.966667 1.02424
0.3 0.983333 1.05684
0.3 1 1.09
0.316667 0 0.100278
0.316667 0.0166667 0.10044
0.316667 0.0333333 0.101159
0.316667 0.05 0.102434
0.316667 0.0666667 0.104266
0.316667 0.0833333 0.106656
0.316667 0.1 0.109602
0.316667 0.116667 0.113106
0.316667 0.133333 0.117169
0.316667 0.15 0.121789
0.316667 0.166667 0.126968
0.316667 0.183333 0.132706
0.316667 0.2 0.139003
0.316667 0.216667 0.145859
0.316667 0.233333 0.153275
0.316667 0.25 0.161251
0.316667 0.266667 0.169786
0.316667 0.283333 0.178882
0.316667 0.3 0.188538
0.316667 0.316667 0.198754
0.316667 0.333333 0.209531
0.316667 0.35 0.220869
0.316667 0.366667 0.232768
0.316667 0.383333 0.245228
0.316667 0.4 0.258249
0.316667 0.416667 0.271831
0.316667 0.433333 0.285975
0.316667 0.45 0.300679
0.316667 0.466667 0.315946
0.316667 0.483333 0.331773
0.316667 0.5 0.348162
0.316667 0.516667 0.365112
0.316667 0.533333 0.382624
0.316667 0.55 0.400697
0.316667 0.566667 0.419331
0.316667 0.583333 0.438526
0.316667 0.6 0.458282
0.316667 0.616667 0.478599
0.316667 0.633333 0.499477
0.316667 0.65 0.520916
0.316667 0.666667 0.542915
0.316667 0.683333 0.565474
0.316667 0.7 0.588594
0.316667 0.716667 0.612273
0.316667 0.733333 0.636513
0.316667 0.75 0.661312
0.316667 0.766667 0.68667
0.316667 0.783333 0.712588
0.316667 0.8 0.739064
0.316667 0.816667 0.766099
0.316667 0.833333 0.793693
0.316667 0.85 0.821844
0.316667 0.866667 0.850554
0.316667 0.883333 0.879821
0.316667 0.9 0.909645
0.316667 0.916667 0.940026
0.316667 0.933333 0.970964
0.316667 0.95 1.00246
0.316667 0.966667 1.03451
0.316667 0.983333 1.06712
0.316667 1 1.10028
0.333333 0 0.111111
0.333333 0.0166667 0.11127
0.333333 0.0333333 0.111985
0.333333 0.05 0.113257
0.333333 0.0666667 0.115086
0.333333 0.0833333 0.117471
0.333333 0.1 0.120414
0.333333 0.116667 0.123915
0.333333 0.133333 0.127974
0.333333 0.15 0.132592
0.333333 0.166667 0.137768
0.333333 0.183333 0.143503
0.333333 0.2 0.149797
0.333333 0.216667 0.15665
0.333333 0.233333 0.164063
0.333333 0.25 0.172036
0.333333 0.266667 0.180569
0.333333 0.283333 0.189663
0.333333 0.3 0.199317
0.333333 0.316667 0.209531
0.333333 0.333333 0.220307
0.333333 0.35 0.231643
0.333333 0.366667 0.24354
0.333333 0.383333 0.255999
0.333333 0.4 0.269019
0.333333 0.416667 0.2826
0.333333 0.433333 0.296743
0.333333 0.45 0.311447
0.333333 0.466667 0.326713
0.333333 0.483333 0.34254
0.333333 0.5 0.358929
0.333333 0.516667 0.37588
0.333333 0.533333 0.393392
0.333333 0.55 0.411465
0.333333 0.566667 0.4301
0.333333 0.583333 0.449296
0.333333 0.6 0.469053
0.333333 0.616667 0.489371
0.333333 0.633333 0.510251
0.333333 0.65 0.531691
0.333333 0.666667 0.553692
0.333333 0.683333 0.576253
0.333333 0.7 0.599375
0.333333 0.716667 0.623056
0.333333 0.733333 0.647298
0.333333 0.75 0.6721
0.333333 0.766667 0.69746
0.333333 0.783333 0.723381
0.333333 0.8 0.74986
0.333333 0.816667 0.776898
0.333333 0.833333 0.804494
0.333333 0.85 0.832649
0.333333 0.866667 0.861361
0.333333 0.883333 0.890631
0.333333 0.9 0.920459
0.333333 0.916667 0.950843
0.333333 0.933333 0.981784
0.333333 0.95 1.01328
0.333333 0.966667 1.04534
0.333333 0.983333 1.07795
0.333333 1 1.11111
0.35 0 0.1225
0.35 0.0166667 0.122656
0.35 0.0333333 0.123368
0.35 0.05 0.124636
0.35 0.0666667 0.126461
0.35 0.0833333 0.128844
0.35 0.1 0.131784
0.35 0.116667 0.135282
0.35 0.133333 0.139338
0.35 0.15 0.143953
0.35 0.166667 0.149126
0.35 0.183333 0.154858
0.35 0.2 0.16115
0.35 0.216667 0.168001
0.35 0.233333 0.175411
0.35 0.25 0.183382
0.35 0.266667 0.191913
0.35 0.283333 0.201004
0.35 0.3 0.210656
0.35 0.316667 0.220869
0.35 0.333333 0.231643
0.35 0.35 0.242978
0.35 0.366667 0.254874
0.35 0.383333 0.267331
0.35 0.4 0.28035
0.35 0.416667 0.293931
0.35 0.433333 0.308073
0.35 0.45 0.322777
0.35 0.466667 0.338042
0.35 0.483333 0.353869
0.35 0.5 0.370258
0.35 0.516667 0.387209
0.35 0.533333 0.404721
0.35 0.55 0.422795
0.35 0.566667 0.44143
0.35 0.583333 0.460627
0.35 0.6 0.480385
0.35 0.616667 0.500705
0.35 0.633333 0.521585
0.35 0.65 0.543027
0.35 0.666667 0.565029
0.35 0.683333 0.587592
0.35 0.7 0.610716
0.35 0.716667 0.6344
0.35 0.733333 0.658643
0.35 0.75 0.683447
0.35 0.766667 0.70881
0.35 0.783333 0.734733
0.35 0.8 0.761214
0.35 0.816667 0.788255
0.35 0.833333 0.815854
0.35 0.85 0.844011
0.35 0.866667 0.872726
0.35 0.883333 0.901999
0.35 0.9 0.93183
0.35 0.916667 0.962217
0.35 0.933333 0.993161
0.35 0.95 1.02466
0.35 0.966667 1.05672
0.35 0.983333 1.08933
0.35 1 1.1225
0.366667 0 0.134444
0.366667 0.0166667 0.134597
0.366667 0.0333333 0.135306
0.366667 0.05 0.136572
0.366667 0.0666667 0.138394
0.366667 0.0833333 0.140774
0.366667 0.1 0.143711
0.366667 0.116667 0.147207
0.366667 0.133333 0.15126
0.366667 0.15 0.155872
0.366667 0.166667 0.161043
0.366667 0.183333 0.166773
0.366667 0.2 0.173062
0.366667 0.216667 0.17991
0.366667 0.233333 0.187319
0.366667 0.25 0.195288
0.366667 0.266667 0.203817
0.366667 0.283333 0.212906
0.366667 0.3 0.222557
0.366667 0.316667 0.232768
0.366667 0.333333 0.24354
0.366667 0.35 0.254874
0.366667 0.366667 0.266769
0.366667 0.383333 0.279225
0.366667 0.4 0.292243
0.366667 0.416667 0.305823
0.366667 0.433333 0.319965
0.366667 0.45 0.334668
0.366667 0.466667 0.349933
0.366667 0.483333 0.36576
0.366667 0.5 0.382149
0.366667 0.516667 0.3991
0.366667 0.533333 0.416612
0.366667 0.55 0.434687
0.366667 0.566667 0.453323
0.366667 0.583333 0.47252
0.366667 0.6 0.492279
0.366667 0.616667 0.5126
0.366667 0.633333 0.533481
0.366667 0.65 0.554924
0.366667 0.666667 0.576928
0.366667 0.683333 0.599493
0.366667 0.7 0.622618
0.366667 0.716667 0.646303
0.366667 0.733333 0.670549
0.366667 0.75 0.695354
0.366667 0.766667 0.72072
0.366667 0.783333 0.746644
0.366667 0.8 0.773128
0.366667 0.816667 0.800171
0.366667 0.833333 0.827772
0.366667 0.85 0.855932
0.366667 0.866667 0.88465
0.366667 0.883333 0.913925
0.366667 0.9 0.943758
0.366667 0.916667 0.974148
0.366667 0.933333 1.00509
0.366667 0.95 1.0366
0.366667 0.966667 1.06866
0.366667 0.983333 1.10127
0.366667 1 1.13444
0.383333 0 0.146944
0.383333 0.0166667 0.147095
0.383333 0.0333333 0.147801
0.383333 0.05 0.149064
0.383333 0.0666667 0.150884
0.383333 0.0833333 0.153262
0.383333 0.1 0.156196
0.383333 0.116667 0.159689
0.383333 0.133333 0.16374
0.383333 0.15 0.16835
0.383333 0.166667 0.173519
0.383333 0.183333 0.179246
0.383333 0.2 0.185533
0.383333 0.216667 0.19238
0.383333 0.233333 0.199787
0.383333 0.25 0.207754
0.383333 0.266667 0.216281
0.383333 0.283333 0.225369
0.383333 0.3 0.235018
0.383333 0.316667 0.245228
0.383333 0.333333 0.255999
0.383333 0.35 0.267331
0.383333 0.366667 0.279225
0.383333 0.383333 0.291681
0.383333 0.4 0.304698
0.383333 0.416667 0.318277
0.383333 0.433333 0.332418
0.383333 0.45 0.347121
0.383333 0.466667 0.362386
0.383333 0.483333 0.378213
0.383333 0.5 0.394602
0.383333 0.516667 0.411553
0.383333 0.533333 0.429066
0.383333 0.55 0.44714
0.383333 0.566667 0.465777
0.383333 0.583333 0.484975
0.383333 0.6 0.504735
0.383333 0.616667 0.525056
0.383333 0.633333 0.545939
0.383333 0.65 0.567383
0.383333 0.666667 0.589388
0.383333 0.683333 0.611954
0.383333 0.7 0.63508
0.383333 0.716667 0.658767
0.383333 0.733333 0.683014
0.383333 0.75 0.707822
0.383333 0.766667 0.733189
0.383333 0.783333 0.759115
0.383333 0.8 0.785601
0.383333 0.816667 0.812646
0.383333 0.833333 0.840249
0.383333 0.85 0.868411
0.383333 0.866667 0.897131
0.383333 0.883333 0.926409
0.383333 0.9 0.956244
0.383333 0.916667 0.986636
0.383333 0.933333 1.01759
0.383333 0.95 1.04909
0.383333 0.966667 1.08115
0.383333 0.983333 1.11377
0.383333 1 1.14694
0.4 0 0.16
0.4 0.0166667 0.160148
0.4 0.0333333 0.160852
0.4 0.05 0.162113
0.4 0.0666667 0.163931
0.4 0.0833333 0.166306
0.4 0.1 0.169239
0.4 0.116667 0.17273
0.4 0.133333 0.176779
0.4 0.15 0.181387
0.4 0.166667 0.186553
0.4 0.183333 0.192279
0.4 0.2 0.198564
0.4 0.216667 0.205409
0.4 0.233333 0.212815
0.4 0.25 0.22078
0.4 0.266667 0.229306
0.4 0.283333 0.238393
0.4 0.3 0.24804
0.4 0.316667 0.258249
0.4 0.333333 0.269019
0.4 0.35 0.28035
0.4 0.366667 0.292243
0.4 0.383333 0.304698
0.4 0.4 0.317715
0.4 0.416667 0.331293
0.4 0.433333 0.345434
0.4 0.45 0.360137
0.4 0.466667 0.375401
0.4 0.483333 0.391228
0.4 0.5 0.407617
0.4 0.516667 0.424568
0.4 0.533333 0.442081
0.4 0.55 0.460156
0.4 0.566667 0.478793
0.4 0.583333 0.497992
0.4 0.6 0.517752
0.4 0.616667 0.538074
0.4 0.633333 0.558958
0.4 0.65 0.580403
0.4 0.666667 0.602409
0.4 0.683333 0.624976
0.4 0.7 0.648103
0.4 0.716667 0.671792
0.4 0.733333 0.69604
0.4 0.75 0.720849
0.4 0.766667 0.746218
0.4 0.783333 0.772146
0.4 0.8 0.798633
0.4 0.816667 0.82568
0.4 0.833333 0.853285
0.4 0.85 0.881449
0.4 0.866667 0.910171
0.4 0.883333 0.93945
0.4 0.9 0.969287
0.4 0.916667 0.999682
0.4 0.933333 1.03063
0.4 0.95 1.06214
0.4 0.966667 1.0942
0.4 0.983333 1.12682
0.4 1 1.16
0.416667 0 0.173611
0.416667 0.0166667 0.173757
0.416667 0.0333333 0.17446
0.416667 0.05 0.175719
0.416667 0.0666667 0.177535
0.416667 0.0833333 0.179908
0.416667 0.1 0.182839
0.416667 0.116667 0.186328
0.416667 0.133333 0.190376
0.416667 0.15 0.194982
0.416667 0.166667 0.200147
0.416667 0.183333 0.205871
0.416667 0.2 0.212155
0.416667 0.216667 0.218999
0.416667 0.233333 0.226403
0.416667 0.25 0.234367
0.416667 0.266667 0.242891
0.416667 0.283333 0.251977
0.416667 0.3 0.261623
0.416667 0.316667 0.271831
0.416667 0.333333 0.2826
0.416667 0.35 0.293931
0.416667 0.366667 0.305823
0.416667 0.383333 0.318277
0.416667 0.4 0.331293
0.416667 0.416667 0.344872
0.416667 0.433333 0.359012
0.416667 0.45 0.373714
0.416667 0.466667 0.388979
0.416667 0.483333 0.404805
0.416667 0.5 0.421194
0.416667 0.516667 0.438145
0.416667 0.533333 0.455658
0.416667 0.55 0.473734
0.416667 0.566667 0.492371
0.416667 0.583333 0.51157
0.416667 0.6 0.531331
0.416667 0.616667 0.551654
0.416667 0.633333 0.572538
0.416667 0.65 0.593984
0.416667 0.666667 0.615991
0.416667 0.683333 0.638559
0.416667 0.7 0.661687
0.416667 0.716667 0.685377
0.416667 0.733333 0.709627
0.416667 0.75 0.734437
0.416667 0.766667 0.759807
0.416667 0.783333 0.785736
0.416667 0.8 0.812225
0.416667 0.816667 0.839273
0.416667 0.833333 0.86688
0.416667 0.85 0.895045
0.416667 0.866667 0.923768
0.416667 0.883333 0.95305
0.416667 0.9 0.982888
0.416667 0.916667 1.01328
0.416667 0.933333 1.04424
0.416667 0.95 1.07575
0.416667 0.966667 1.10781
0.416667 0.983333 1.14043
0.416667 1 1.17361
0.433333 0 0.187778
0.433333 0.0166667 0.187922
0.433333 0.0333333 0.188623
0.433333 0.05 0.189881
0.433333 0.0666667 0.191696
0.433333 0.0833333 0.194068
0.433333 0.1 0.196997
0.433333 0.116667 0.200485
0.433333 0.133333 0.204531
0.433333 0.15 0.209136
0.433333 0.166667 0.2143
0.433333 0.183333 0.220023
0.433333 0.2 0.226305
0.433333 0.216667 0.233148
0.433333 0.233333 0.240551
0.433333 0.25 0.248514
0.433333 0.266667 0.257037
0.433333 0.283333 0.266122
0.433333 0.3 0.275768
0.433333 0.316667 0.285975
0.433333 0.333333 0.296743
0.433333 0.35 0.308073
0.433333 0.366667 0.319965
0.433333 0.383333 0.332418
0.433333 0.4 0.345434
0.433333 0.416667 0.359012
0.433333 0.433333 0.373152
0.433333 0.45 0.387854
0.433333 0.466667 0.403118
0.433333 0.483333 0.418945
0.433333 0.5 0.435334
0.433333 0.516667 0.452285
0.433333 0.533333 0.469798
0.433333 0.55 0.487873
0.433333 0.566667 0.506511
0.433333 0.583333 0.525711
0.433333 0.6 0.545472
0.433333 0.616667 0.565795
0.433333 0.633333 0.58668
0.433333 0.65 0.608127
0.433333 0.666667 0.630134
0.433333 0.683333 0.652703
0.433333 0.7 0.675832
0.433333 0.716667 0.699523
0.433333 0.733333 0.723774
0.433333 0.75 0.748584
0.433333 0.766667 0.773955
0.433333 0.783333 0.799886
0.433333 0.8 0.826376
0.433333 0.816667 0.853425
0.433333 0.833333 0.881033
0.433333 0.85 0.909199
0.433333 0.866667 0.937924
0.433333 0.883333 0.967207
0.433333 0.9 0.997047
0.433333 0.916667 1.02744
0.433333 0.933333 1.0584
0.433333 0.95 1.08991
0.433333 0.966667 1.12198
0.433333 0.983333 1.1546
0.433333 1 1.18778
0.45 0 0.2025
0.45 0.0166667 0.202644
0.45 0.0333333 0.203343
0.45 0.05 0.2046
0.45 0.0666667 0.206413
0.45 0.0833333 0.208784
0.45 0.1 0.211713
0.45 0.116667 0.2152
0.45 0.133333 0.219245
0.45 0.15 0.223848
0.45 0.166667 0.229011
0.45 0.183333 0.234733
0.45 0.2 0.241015
0.45 0.216667 0.247857
0.45 0.233333 0.255259
0.45 0.25 0.263221
0.45 0.266667 0.271744
0.45 0.283333 0.280828
0.45 0.3 0.290473
0.45 0.316667 0.300679
0.45 0.333333 0.311447
0.45 0.35 0.322777
0.45 0.366667 0.334668
0.45 0.383333 0.347121
0.45 0.4 0.360137
0.45 0.416667 0.373714
0.45 0.433333 0.387854
0.45 0.45 0.402556
0.45 0.466667 0.41782
0.45 0.483333 0.433646
0.45 0.5 0.450035
0.45 0.516667 0.466986
0.45 0.533333 0.4845
0.45 0.55 0.502576
0.45 0.566667 0.521213
0.45 0.583333 0.540413
0.45 0.6 0.560175
0.45 0.616667 0.580499
0.45 0.633333 0.601384
0.45 0.65 0.622831
0.45 0.666667 0.644839
0.45 0.683333 0.667408
0.45 0.7 0.690538
0.45 0.716667 0.714229
0.45 0.733333 0.738481
0.45 0.75 0.763293
0.45 0.766667 0.788664
0.45 0.783333 0.814596
0.45 0.8 0.841086
0.45 0.816667 0.868136
0.45 0.833333 0.895745
0.45 0.85 0.923913
0.45 0.866667 0.952638
0.45 0.883333 0.981922
0.45 0.9 1.01176
0.45 0.916667 1.04216
0.45 0.933333 1.07312
0.45 0.95 1.10463
0.45 0.966667 1.1367
0.45 0.983333 1.16932
0.45 1 1.2025
0.466667 0 0.217778
0.466667 0.0166667 0.217921
0.466667 0.0333333 0.21862
0.466667 0.05 0.219875
0.466667 0.0666667 0.221688
0.466667 0.0833333 0.224058
0.466667 0.1 0.226986
0.466667 0.116667 0.230472
0.466667 0.133333 0.234517
0.466667 0.15 0.23912
0.466667 0.166667 0.244282
0.466667 0.183333 0.250004
0.466667 0.2 0.256285
0.466667 0.216667 0.263126
0.466667 0.233333 0.270527
0.466667 0.25 0.278489
0.466667 0.266667 0.287012
0.466667 0.283333 0.296095
0.466667 0.3 0.30574
0.466667 0.316667 0.315946
0.466667 0.333333 0.326713
0.466667 0.35 0.338042
0.466667 0.366667 0.349933
0.466667 0.383333 0.362386
0.466667 0.4 0.375401
0.466667 0.416667 0.388979
0.466667 0.433333 0.403118
0.466667 0.45 0.41782
0.466667 0.466667 0.433084
0.466667 0.483333 0.44891
0.466667 0.5 0.465299
0.466667 0.516667 0.482251
0.466667 0.533333 0.499764
0.466667 0.55 0.51784
0.466667 0.566667 0.536478
0.466667 0.583333 0.555678
0.466667 0.6 0.57544
0.466667 0.616667 0.595764
0.466667 0.633333 0.616649
0.466667 0.65 0.638096
0.466667 0.666667 0.660105
0.466667 0.683333 0.682675
0.466667 0.7 0.705805
0.466667 0.716667 0.729497
0.466667 0.733333 0.753749
0.466667 0.75 0.778561
0.466667 0.766667 0.803933
0.466667 0.783333 0.829865
0.466667 0.8 0.856356
0.466667 0.816667 0.883407
0.466667 0.833333 0.911016
0.466667 0.85 0.939184
0.466667 0.866667 0.967911
0.466667 0.883333 0.997195
0.466667 0.9 1.02704
0.466667 0.916667 1.05744
0.466667 0.933333 1.08839
0.466667 0.95 1.1199
0.466667 0.966667 1.15197
0.466667 0.983333 1.1846
0.466667 1 1.21778
0.483333 0 0.233611
0.483333 0.0166667 0.233754
0.483333 0.0333333 0.234452
0.483333 0.05 0.235708
0.483333 0.0666667 0.23752
0.483333 0.0833333 0.23989
0.483333 0.1 0.242818
0.483333 0.116667 0.246303
0.483333 0.133333 0.250347
0.483333 0.15 0.25495
0.483333 0.166667 0.260112
0.483333 0.183333 0.265833
0.483333 0.2 0.272114
0.483333 0.216667 0.278955
0.483333 0.233333 0.286356
0.483333 0.25 0.294317
0.483333 0.266667 0.30284
0.483333 0.283333 0.311923
0.483333 0.3 0.321567
0.483333 0.316667 0.331773
0.483333 0.333333 0.34254
0.483333 0.35 0.353869
0.483333 0.366667 0.36576
0.483333 0.383333 0.378213
0.483333 0.4 0.391228
0.483333 0.416667 0.404805
0.483333 0.433333 0.418945
0.483333 0.45 0.433646
0.483333 0.466667 0.44891
0.483333 0.483333 0.464737
0.483333 0.5 0.481126
0.483333 0.516667 0.498077
0.483333 0.533333 0.515591
0.483333 0.55 0.533666
0.483333 0.566667 0.552305
0.483333 0.583333 0.571505
0.483333 0.6 0.591267
0.483333 0.616667 0.611591
0.483333 0.633333 0.632477
0.483333 0.65 0.653924
0.483333 0.666667 0.675932
0.483333 0.683333 0.698502
0.483333 0.7 0.721633
0.483333 0.716667 0.745325
0.483333 0.733333 0.769577
0.483333 0.75 0.794389
0.483333 0.766667 0.819762
0.483333 0.783333 0.845694
0.483333 0.8 0.872186
0.483333 0.816667 0.899237
0.483333 0.833333 0.926846
0.483333 0.85 0.955015
0.483333 0.866667 0.983741
0.483333 0.883333 1.01303
0.483333 0.9 1.04287
0.483333 0.916667 1.07327
0.483333 0.933333 1.10422
0.483333 0.95 1.13574
0.483333 0.966667 1.16781
0.483333 0.983333 1.20043
0.483333 1 1.23361
0.5 0 0.25
0.5 0.0166667 0.250142
0.5 0.0333333 0.250841
0.5 0.05 0.252097
0.5 0.0666667 0.253909
0.5 0.0833333 0.256279
0.5 0.1 0.259206
0.5 0.116667 0.262692
0.5 0.133333 0.266736
0.5 0.15 0.271339
0.5 0.166667 0.276501
0.5 0.183333 0.282222
0.5 0.2 0.288503
0.5 0.216667 0.295344
0.5 0.233333 0.302745
0.5 0.25 0.310706
0.5 0.266667 0.319229
0.5 0.283333 0.328312
0.5 0.3 0.337956
0.5 0.316667 0.348162
0.5 0.333333 0.358929
0.5 0.35 0.370258
0.5 0.366667 0.382149
0.5 0.383333 0.394602
0.5 0.4 0.407617
0.5 0.416667 0.421194
0.5 0.433333 0.435334
0.5 0.45 0.450035
0.5 0.466667 0.465299
0.5 0.483333 0.481126
0.5 0.5 0.497515
0.5 0.516667 0.514466
0.5 0.533333 0.53198
0.5 0.55 0.550055
0.5 0.566667 0.568693
0.5 0.583333 0.587894
0.5 0.6 0.607656
0.5 0.616667 0.62798
0.5 0.633333 0.648865
0.5 0.65 0.670313
0.5 0.666667 0.692321
0.5 0.683333 0.714891
0.5 0.7 0.738022
0.5 0.716667 0.761714
0.5 0.733333 0.785966
0.5 0.75 0.810778
0.5 0.766667 0.836151
0.5 0.783333 0.862083
0.5 0.8 0.888575
0.5 0.816667 0.915626
0.5 0.833333 0.943235
0.5 0.85 0.971404
0.5 0.866667 1.00013
0.5 0.883333 1.02941
0.5 0.9 1.05926
0.5 0.916667 1.08966
0.5 0.933333 1.12061
0.5 0.95 1.15213
0.5 0.966667 1.18419
0.5 0.983333 1.21682
0.5 1 1.25
0.516667 0 0.266944
0.516667 0.0166667 0.267087
0.516667 0.0333333 0.267786
0.516667 0.05 0.269042
0.516667 0.0666667 0.270855
0.516667 0.0833333 0.273225
0.516667 0.1 0.276153
0.516667 0.116667 0.279639
0.516667 0.133333 0.283683
0.516667 0.15 0.288286
0.516667 0.166667 0.293449
0.516667 0.183333 0.29917
0.516667 0.2 0.305451
0.516667 0.216667 0.312292
0.516667 0.233333 0.319694
0.516667 0.25 0.327656
0.516667 0.266667 0.336178
0.516667 0.283333 0.345262
0.516667 0.3 0.354906
0.516667 0.316667 0.365112
0.516667 0.333333 0.37588
0.516667 0.35 0.387209
0.516667 0.366667 0.3991
0.516667 0.383333 0.411553
0.516667 0.4 0.424568
0.516667 0.416667 0.438145
0.516667 0.433333 0.452285
0.516667 0.45 0.466986
0.516667 0.466667 0.482251
0.516667 0.483333 0.498077
0.516667 0.5 0.514466
0.516667 0.516667 0.531417
0.516667 0.533333 0.548931
0.516667 0.55 0.567006
0.516667 0.566667 0.585644
0.516667 0.583333 0.604844
0.516667 0.6 0.624607
0.516667 0.616667 0.64493
0.516667 0.633333 0.665816
0.516667 0.65 0.687263
0.516667 0.666667 0.709272
0.516667 0.683333 0.731841
0.516667 0.7 0.754972
0.516667 0.716667 0.778663
0.516667 0.733333 0.802915
0.516667 0.75 0.827727
0.516667 0.766667 0.8531
0.516667 0.783333 0.879032
0.516667 0.8 0.905523
0.516667 0.816667 0.932574
0.516667 0.833333 0.960183
0.516667 0.85 0.988351
0.516667 0.866667 1.01708
0.516667 0.883333 1.04636
0.516667 0.9 1.0762
0.516667 0.916667 1.1066
0.516667 0.933333 1.13756
0.516667 0.95 1.16907
0.516667 0.966667 1.20114
0.516667 0.983333 1.23376
0.516667 1 1.26694
0.533333 0 0.284444
0.533333 0.0166667 0.284588
0.533333 0.0333333 0.285288
0.533333 0.05 0.286544
0.533333 0.0666667 0.288358
0.533333 0.0833333 0.290729
0.533333 0.1 0.293657
0.533333 0.116667 0.297144
0.533333 0.133333 0.301189
0.533333 0.15 0.305793
0.533333 0.166667 0.310956
0.533333 0.183333 0.316678
0.533333 0.2 0.32296
0.533333 0.216667 0.329801
0.533333 0.233333 0.337203
0.533333 0.25 0.345165
0.533333 0.266667 0.353688
0.533333 0.283333 0.362772
0.533333 0.3 0.372417
0.533333 0.316667 0.382624
0.533333 0.333333 0.393392
0.533333 0.35 0.404721
0.533333 0.366667 0.416612
0.533333 0.383333 0.429066
0.533333 0.4 0.442081
0.533333 0.416667 0.455658
0.533333 0.433333 0.469798
0.533333 0.45 0.4845
0.533333 0.466667 0.499764
0.533333 0.483333 0.515591
0.533333 0.5 0.53198
0.533333 0.516667 0.548931
0.533333 0.533333 0.566444
0.533333 0.55 0.58452
0.533333 0.566667 0.603158
0.533333 0.583333 0.622358
0.533333 0.6 0.642119
0.533333 0.616667 0.662443
0.533333 0.633333 0.683328
0.533333 0.65 0.704775
0.533333 0.666667 0.726783
0.533333 0.683333 0.749352
0.533333 0.7 0.772483
0.533333 0.716667 0.796174
0.533333 0.733333 0.820425
0.533333 0.75 0.845237
0.533333 0.766667 0.870609
0.533333 0.783333 0.89654
0.533333 0.8 0.923031
0.533333 0.816667 0.950081
0.533333 0.833333 0.97769
0.533333 0.85 1.00586
0.533333 0.866667 1.03458
0.533333 0.883333 1.06387
0.533333 0.9 1.09371
0.533333 0.916667 1.12411
0.533333 0.933333 1.15506
0.533333 0.95 1.18657
0.533333 0.966667 1.21864
0.533333 0.983333 1.25126
0.533333 1 1.28444
0.55 0 0.3025
0.55 0.0166667 0.302645
0.55 0.0333333 0.303346
0.55 0.05 0.304603
0.55 0.0666667 0.306418
0.55 0.0833333 0.30879
0.55 0.1 0.311719
0.55 0.116667 0.315207
0.55 0.133333 0.319253
0.55 0.15 0.323858
0.55 0.166667 0.329022
0.55 0.183333 0.334745
0.55 0.2 0.341027
0.55 0.216667 0.34787
0.55 0.233333 0.355273
0.55 0.25 0.363236
0.55 0.266667 0.371759
0.55 0.283333 0.380844
0.55 0.3 0.39049
0.55 0.316667 0.400697
0.55 0.333333 0.411465
0.55 0.35 0.422795
0.55 0.366667 0.434687
0.55 0.383333 0.44714
0.55 0.4 0.460156
0.55 0.416667 0.473734
0.55 0.433333 0.487873
0.55 0.45 0.502576
0.55 0.466667 0.51784
0.55 0.483333 0.533666
0.55 0.5 0.550055
0.55 0.516667 0.567006
0.55 0.533333 0.58452
0.55 0.55 0.602595
0.55 0.566667 0.621233
0.55 0.583333 0.640433
0.55 0.6 0.660194
0.55 0.616667 0.680517
0.55 0.633333 0.701402
0.55 0.65 0.722848
0.55 0.666667 0.744856
0.55 0.683333 0.767425
0.55 0.7 0.790554
0.55 0.716667 0.814245
0.55 0.733333 0.838495
0.55 0.75 0.863306
0.55 0.766667 0.888677
0.55 0.783333 0.914608
0.55 0.8 0.941098
0.55 0.816667 0.968147
0.55 0.833333 0.995755
0.55 0.85 1.02392
0.55 0.866667 1.05265
0.55 0.883333 1.08193
0.55 0.9 1.11177
0.55 0.916667 1.14217
0.55 0.933333 1.17312
0.55 0.95 1.20463
0.55 0.966667 1.2367
0.55 0.983333 1.26932
0.55 1 1.3025
0.566667 0 0.321111
0.566667 0.0166667 0.321257
0.566667 0.0333333 0.32196
0.566667 0.05 0.323219
0.566667 0.0666667 0.325035
0.566667 0.0833333 0.327408
0.566667 0.1 0.330339
0.566667 0.116667 0.333828
0.566667 0.133333 0.337876
0.566667 0.15 0.342482
0.566667 0.166667 0.347647
0.566667 0.183333 0.353371
0.566667 0.2 0.359655
0.566667 0.216667 0.366498
0.566667 0.233333 0.373902
0.566667 0.25 0.381866
0.566667 0.266667 0.390391
0.566667 0.283333 0.399476
0.566667 0.3 0.409123
0.566667 0.316667 0.419331
0.566667 0.333333 0.4301
0.566667 0.35 0.44143
0.566667 0.366667 0.453323
0.566667 0.383333 0.465777
0.566667 0.4 0.478793
0.566667 0.416667 0.492371
0.566667 0.433333 0.506511
0.566667 0.45 0.521213
0.566667 0.466667 0.536478
0.566667 0.483333 0.552305
0.566667 0.5 0.568693
0.566667 0.516667 0.585644
0.566667 0.533333 0.603158
0.566667 0.55 0.621233
0.566667 0.566667 0.63987
0.566667 0.583333 0.659069
0.566667 0.6 0.67883
0.566667 0.616667 0.699153
0.566667 0.633333 0.720038
0.566667 0.65 0.741483
0.566667 0.666667 0.76349
0.566667 0.683333 0.786058
0.566667 0.7 0.809187
0.566667 0.716667 0.832876
0.566667 0.733333 0.857126
0.566667 0.75 0.881936
0.566667 0.766667 0.907306
0.566667 0.783333 0.933236
0.566667 0.8 0.959725
0.566667 0.816667 0.986773
0.566667 0.833333 1.01438
0.566667 0.85 1.04254
0.566667 0.866667 1.07127
0.566667 0.883333 1.10055
0.566667 0.9 1.13039
0.566667 0.916667 1.16078
0.566667 0.933333 1.19174
0.566667 0.95 1.22325
0.566667 0.966667 1.25531
0.566667 0.983333 1.28793
0.566667 1 1.32111
0.583333 0 0.340278
0.583333 0.0166667 0.340426
0.583333 0.0333333 0.34113
0.583333 0.05 0.342391
0.583333 0.0666667 0.344209
0.583333 0.0833333 0.346584
0.583333 0.1 0.349516
0.583333 0.116667 0.353007
0.583333 0.133333 0.357056
0.583333 0.15 0.361664
0.583333 0.166667 0.36683
0.583333 0.183333 0.372556
0.583333 0.2 0.378841
0.583333 0.216667 0.385687
0.583333 0.233333 0.393092
0.583333 0.25 0.401057
0.583333 0.266667 0.409583
0.583333 0.283333 0.418669
0.583333 0.3 0.428317
0.583333 0.316667 0.438526
0.583333 0.333333 0.449296
0.583333 0.35 0.460627
0.583333 0.366667 0.47252
0.583333 0.383333 0.484975
0.583333 0.4 0.497992
0.583333 0.416667 0.51157
0.583333 0.433333 0.525711
0.583333 0.45 0.540413
0.583333 0.466667 0.555678
0.583333 0.483333 0.571505
0.583333 0.5 0.587894
0.583333 0.516667 0.604844
0.583333 0.533333 0.622358
0.583333 0.55 0.640433
0.583333 0.566667 0.659069
0.583333 0.583333 0.678268
0.583333 0.6 0.698029
0.583333 0.616667 0.718351
0.583333 0.633333 0.739234
0.583333 0.65 0.760679
0.583333 0.666667 0.782685
0.583333 0.683333 0.805252
0.583333 0.7 0.82838
0.583333 0.716667 0.852069
0.583333 0.733333 0.876317
0.583333 0.75 0.901126
0.583333 0.766667 0.926495
0.583333 0.783333 0.952423
0.583333 0.8 0.97891
0.583333 0.816667 1.00596
0.583333 0.833333 1.03356
0.583333 0.85 1.06173
0.583333 0.866667 1.09045
0.583333 0.883333 1.11973
0.583333 0.9 1.14956
0.583333 0.916667 1.17996
0.583333 0.933333 1.21091
0.583333 0.95 1.24242
0.583333 0.966667 1.27448
0.583333 0.983333 1.3071
0.583333 1 1.34028
0.6 0 0.36
0.6 0.0166667 0.36015
0.6 0.0333333 0.360856
0.6 0.05 0.362119
0.6 0.0666667 0.363939
0.6 0.0833333 0.366317
0.6 0.1 0.369251
0.6 0.116667 0.372744
0.6 0.133333 0.376795
0.6 0.15 0.381405
0.6 0.166667 0.386573
0.6 0.183333 0.392301
0.6 0.2 0.398588
0.6 0.216667 0.405434
0.6 0.233333 0.412841
0.6 0.25 0.420808
0.6 0.266667 0.429335
0.6 0.283333 0.438423
0.6 0.3 0.448072
0.6 0.316667 0.458282
0.6 0.333333 0.469053
0.6 0.35 0.480385
0.6 0.366667 0.492279
0.6 0.383333 0.504735
0.6 0.4 0.517752
0.6 0.416667 0.531331
0.6 0.433333 0.545472
0.6 0.45 0.560175
0.6 0.466667 0.57544
0.6 0.483333 0.591267
0.6 0.5 0.607656
0.6 0.516667 0.624607
0.6 0.533333 0.642119
0.6 0.55 0.660194
0.6 0.566667 0.67883
0.6 0.583333 0.698029
0.6 0.6 0.717789
0.6 0.616667 0.73811
0.6 0.633333 0.758993
0.6 0.65 0.780437
0.6 0.666667 0.802442
0.6 0.683333 0.825008
0.6 0.7 0.848134
0.6 0.716667 0.871821
0.6 0.733333 0.896069
0.6 0.75 0.920876
0.6 0.766667 0.946243
0.6 0.783333 0.97217
0.6 0.8 0.998656
0.6 0.816667 1.0257
0.6 0.833333 1.0533
0.6 0.85 1.08147
0.6 0.866667 1.11019
0.6 0.883333 1.13946
0.6 0.9 1.1693
0.6 0.916667 1.19969
0.6 0.933333 1.23064
0.6 0.95 1.26215
0.6 0.966667 1.29421
0.6 0.983333 1.32683
0.6 1 1.36
0.616667 0 0.380278
0.616667 0.0166667 0.38043
0.616667 0.0333333 0.381139
0.616667 0.05 0.382405
0.616667 0.0666667 0.384227
0.616667 0.0833333 0.386607
0.616667 0.1 0.389544
0.616667 0.116667 0.393039
0.616667 0.133333 0.397092
0.616667 0.15 0.401704
0.616667 0.166667 0.406875
0.616667 0.183333 0.412604
0.616667 0.2 0.418893
0.616667 0.216667 0.425742
0.616667 0.233333 0.43315
0.616667 0.25 0.441119
0.616667 0.266667 0.449648
0.616667 0.283333 0.458738
0.616667 0.3 0.468388
0.616667 0.316667 0.478599
0.616667 0.333333 0.489371
0.616667 0.35 0.500705
0.616667 0.366667 0.5126
0.616667 0.383333 0.525056
0.616667 0.4 0.538074
0.616667 0.416667 0.551654
0.616667 0.433333 0.565795
0.616667 0.45 0.580499
0.616667 0.466667 0.595764
0.616667 0.483333 0.611591
0.616667 0.5 0.62798
0.616667 0.516667 0.64493
0.616667 0.533333 0.662443
0.616667 0.55 0.680517
0.616667 0.566667 0.699153
0.616667 0.583333 0.718351
0.616667 0.6 0.73811
0.616667 0.616667 0.75843
0.616667 0.633333 0.779312
0.616667 0.65 0.800755
0.616667 0.666667 0.822759
0.616667 0.683333 0.845324
0.616667 0.7 0.868449
0.616667 0.716667 0.892134
0.616667 0.733333 0.91638
0.616667 0.75 0.941186
0.616667 0.766667 0.966551
0.616667 0.783333 0.992476
0.616667 0.8 1.01896
0.616667 0.816667 1.046
0.616667 0.833333 1.0736
0.616667 0.85 1.10176
0.616667 0.866667 1.13048
0.616667 0.883333 1.15976
0.616667 0.9 1.18959
0.616667 0.916667 1.21998
0.616667 0.933333 1.25093
0.616667 0.95 1.28243
0.616667 0.966667 1.31449
0.616667 0.983333 1.34711
0.616667 1 1.38028
0.633333 0 0.401111
0.633333 0.0166667 0.401267
0.633333 0.0333333 0.401978
0.633333 0.05 0.403247
0.633333 0.0666667 0.405072
0.633333 0.0833333 0.407454
0.633333 0.1 0.410394
0.633333 0.116667 0.413892
0.633333 0.133333 0.417948
0.633333 0.15 0.422562
0.633333 0.166667 0.427735
0.633333 0.183333 0.433467
0.633333 0.2 0.439758
0.633333 0.216667 0.446609
0.633333 0.233333 0.45402
0.633333 0.25 0.46199
0.633333 0.266667 0.470521
0.633333 0.283333 0.479612
0.633333 0.3 0.489264
0.633333 0.316667 0.499477
0.633333 0.333333 0.510251
0.633333 0.35 0.521585
0.633333 0.366667 0.533481
0.633333 0.383333 0.545939
0.633333 0.4 0.558958
0.633333 0.416667 0.572538
0.633333 0.433333 0.58668
0.633333 0.45 0.601384
0.633333 0.466667 0.616649
0.633333 0.483333 0.632477
0.633333 0.5 0.648865
0.633333 0.516667 0.665816
0.633333 0.533333 0.683328
0.633333 0.55 0.701402
0.633333 0.566667 0.720038
0.633333 0.583333 0.739234
0.633333 0.6 0.758993
0.633333 0.616667 0.779312
0.633333 0.633333 0.800193
0.633333 0.65 0.821635
0.633333 0.666667 0.843637
0.633333 0.683333 0.8662
0.633333 0.7 0.889324
0.633333 0.716667 0.913008
0.633333 0.733333 0.937252
0.633333 0.75 0.962055
0.633333 0.766667 0.987419
0.633333 0.783333 1.01334
0.633333 0.8 1.03982
0.633333 0.816667 1.06686
0.633333 0.833333 1.09446
0.633333 0.85 1.12262
0.633333 0.866667 1.15134
0.633333 0.883333 1.18061
0.633333 0.9 1.21044
0.633333 0.916667 1.24083
0.633333 0.933333 1.27177
0.633333 0.95 1.30327
0.633333 0.966667 1.33533
0.633333 0.983333 1.36794
0.633333 1 1.40111
0.65 0 0.4225
0.65 0.0166667 0.422659
0.65 0.0333333 0.423374
0.65 0.05 0.424645
0.65 0.0666667 0.426473
0.65 0.0833333 0.428859
0.65 0.1 0.431802
0.65 0.116667 0.435302
0.65 0.133333 0.439361
0.65 0.15 0.443978
0.65 0.166667 0.449154
0.65 0.183333 0.454888
0.65 0.2 0.461182
0.65 0.216667 0.468036
0.65 0.233333 0.475448
0.65 0.25 0.483421
0.65 0.266667 0.491954
0.65 0.283333 0.501047
0.65 0.3 0.510701
0.65 0.316667 0.520916
0.65 0.333333 0.531691
0.65 0.35 0.543027
0.65 0.366667 0.554924
0.65 0.383333 0.567383
0.65 0.4 0.580403
0.65 0.416667 0.593984
0.65 0.433333 0.608127
0.65 0.45 0.622831
0.65 0.466667 0.638096
0.65 0.483333 0.653924
0.65 0.5 0.670313
0.65 0.516667 0.687263
0.65 0.533333 0.704775
0.65 0.55 0.722848
0.65 0.566667 0.741483
0.65 0.583333 0.760679
0.65 0.6 0.780437
0.65 0.616667 0.800755
0.65 0.633333 0.821635
0.65 0.65 0.843075
0.65 0.666667 0.865076
0.65 0.683333 0.887637
0.65 0.7 0.910759
0.65 0.716667 0.934441
0.65 0.733333 0.958683
0.65 0.75 0.983485
0.65 0.766667 1.00885
0.65 0.783333 1.03477
0.65 0.8 1.06125
0.65 0.816667 1.08828
0.65 0.833333 1.11588
0.65 0.85 1.14404
0.65 0.866667 1.17275
0.65 0.883333 1.20202
0.65 0.9 1.23185
0.65 0.916667 1.26223
0.65 0.933333 1.29317
0.65 0.95 1.32467
0.65 0.966667 1.35672
0.65 0.983333 1.38933
0.65 1 1.4225
0.666667 0 0.444444
0.666667 0.0166667 0.444607
0.666667 0.0333333 0.445325
0.666667 0.05 0.4466
0.666667 0.0666667 0.448431
0.666667 0.0833333 0.45082
0.666667 0.1 0.453766
0.666667 0.116667 0.45727
0.666667 0.133333 0.461332
0.666667 0.15 0.465953
0.666667 0.166667 0.471131
0.666667 0.183333 0.476869
0.666667 0.2 0.483165
0.666667 0.216667 0.490021
0.666667 0.233333 0.497437
0.666667 0.25 0.505412
0.666667 0.266667 0.513947
0.666667 0.283333 0.523043
0.666667 0.3 0.532698
0.666667 0.316667 0.542915
0.666667 0.333333 0.553692
0.666667 0.35 0.565029
0.666667 0.366667 0.576928
0.666667 0.383333 0.589388
0.666667 0.4 0.602409
0.666667 0.416667 0.615991
0.666667 0.433333 0.630134
0.666667 0.45 0.644839
0.666667 0.466667 0.660105
0.666667 0.483333 0.675932
0.666667 0.5 0.692321
0.666667 0.516667 0.709272
0.666667 0.533333 0.726783
0.666667 0.55 0.744856
0.666667 0.566667 0.76349
0.666667 0.583333 0.782685
0.666667 0.6 0.802442
0.666667 0.616667 0.822759
0.666667 0.633333 0.843637
0.666667 0.65 0.865076
0.666667 0.666667 0.887075
0.666667 0.683333 0.909635
0.666667 0.7 0.932755
0.666667 0.716667 0.956435
0.666667 0.733333 0.980674
0.666667 0.75 1.00547
0.666667 0.766667 1.03083
0.666667 0.783333 1.05675
0.666667 0.8 1.08323
0.666667 0.816667 1.11026
0.666667 0.833333 1.13786
0.666667 0.85 1.16601
0.666667 0.866667 1.19472
0.666667 0.883333 1.22398
0.666667 0.9 1.25381
0.666667 0.916667 1.28419
0.666667 0.933333 1.31513
0.666667 0.95 1.34662
0.666667 0.966667 1.37868
0.666667 0.983333 1.41128
0.666667 1 1.44444
0.683333 0 0.466944
0.683333 0.0166667 0.46711
0.683333 0.0333333 0.467833
0.683333 0.05 0.469111
0.683333 0.0666667 0.470947
0.683333 0.0833333 0.473339
0.683333 0.1 0.476289
0.683333 0.116667 0.479796
0.683333 0.133333 0.483862
0.683333 0.15 0.488485
0.683333 0.166667 0.493667
0.683333 0.183333 0.499408
0.683333 0.2 0.505708
0.683333 0.216667 0.512566
0.683333 0.233333 0.519985
0.683333 0.25 0.527963
0.683333 0.266667 0.5365
0.683333 0.283333 0.545598
0.683333 0.3 0.555256
0.683333 0.316667 0.565474
0.683333 0.333333 0.576253
0.683333 0.35 0.587592
0.683333 0.366667 0.599493
0.683333 0.383333 0.611954
0.683333 0.4 0.624976
0.683333 0.416667 0.638559
0.683333 0.433333 0.652703
0.683333 0.45 0.667408
0.683333 0.466667 0.682675
0.683333 0.483333 0.698502
0.683333 0.5 0.714891
0.683333 0.516667 0.731841
0.683333 0.533333 0.749352
0.683333 0.55 0.767425
0.683333 0.566667 0.786058
0.683333 0.583333 0.805252
0.683333 0.6 0.825008
0.683333 0.616667 0.845324
0.683333 0.633333 0.8662
0.683333 0.65 0.887637
0.683333 0.666667 0.909635
0.683333 0.683333 0.932193
0.683333 0.7 0.95531
0.683333 0.716667 0.978988
0.683333 0.733333 1.00323
0.683333 0.75 1.02802
0.683333 0.766667 1.05338
0.683333 0.783333 1.07929
0.683333 0.8 1.10577
0.683333 0.816667 1.1328
0.683333 0.833333 1.16039
0.683333 0.85 1.18854
0.683333 0.866667 1.21725
0.683333 0.883333 1.24651
0.683333 0.9 1.27633
0.683333 0.916667 1.30671
0.683333 0.933333 1.33764
0.683333 0.95 1.36913
0.683333 0.966667 1.40118
0.683333 0.983333 1.43379
0.683333 1 1.46694
0.7 0 0.49
0.7 0.0166667 0.49017
0.7 0.0333333 0.490896
0.7 0.05 0.492179
0.7 0.0666667 0.494018
0.7 0.0833333 0.496415
0.7 0.1 0.499368
0.7 0.116667 0.50288
0.7 0.133333 0.506949
0.7 0.15 0.511576
0.7 0.166667 0.516761
0.7 0.183333 0.522506
0.7 0.2 0.528808
0.7 0.216667 0.53567
0.7 0.233333 0.543092
0.7 0.25 0.551072
0.7 0.266667 0.559613
0.7 0.283333 0.568713
0.7 0.3 0.578373
0.7 0.316667 0.588594
0.7 0.333333 0.599375
0.7 0.35 0.610716
0.7 0.366667 0.622618
0.7 0.383333 0.63508
0.7 0.4 0.648103
0.7 0.416667 0.661687
0.7 0.433333 0.675832
0.7 0.45 0.690538
0.7 0.466667 0.705805
0.7 0.483333 0.721633
0.7 0.5 0.738022
0.7 0.516667 0.754972
0.7 0.533333 0.772483
0.7 0.55 0.790554
0.7 0.566667 0.809187
0.7 0.583333 0.82838
0.7 0.6 0.848134
0.7 0.616667 0.868449
0.7 0.633333 0.889324
0.7 0.65 0.910759
0.7 0.666667 0.932755
0.7 0.683333 0.95531
0.7 0.7 0.978426
0.7 0.716667 1.0021
0.7 0.733333 1.02634
0.7 0.75 1.05113
0.7 0.766667 1.07648
0.7 0.783333 1.10239
0.7 0.8 1.12887
0.7 0.816667 1.15589
0.7 0.833333 1.18348
0.7 0.85 1.21163
0.7 0.866667 1.24033
0.7 0.883333 1.26959
0.7 0.9 1.29941
0.7 0.916667 1.32978
0.7 0.933333 1.36071
0.7 0.95 1.3922
0.7 0.966667 1.42425
0.7 0.983333 1.45684
0.7 1 1.49
0.716667 0 0.513611
0.716667 0.0166667 0.513786
0.716667 0.0333333 0.514516
0.716667 0.05 0.515803
0.716667 0.0666667 0.517647
0.716667 0.0833333 0.520047
0.716667 0.1 0.523005
0.716667 0.116667 0.526521
0.716667 0.133333 0.530594
0.716667 0.15 0.535225
0.716667 0.166667 0.540414
0.716667 0.183333 0.546162
0.716667 0.2 0.552468
0.716667 0.216667 0.559333
0.716667 0.233333 0.566758
0.716667 0.25 0.574742
0.716667 0.266667 0.583285
0.716667 0.283333 0.592388
0.716667 0.3 0.602051
0.716667 0.316667 0.612273
0.716667 0.333333 0.623056
0.716667 0.35 0.6344
0.716667 0.366667 0.646303
0.716667 0.383333 0.658767
0.716667 0.4 0.671792
0.716667 0.416667 0.685377
0.716667 0.433333 0.699523
0.716667 0.45 0.714229
0.716667 0.466667 0.729497
0.716667 0.483333 0.745325
0.716667 0.5 0.761714
0.716667 0.516667 0.778663
0.716667 0.533333 0.796174
0.716667 0.55 0.814245
0.716667 0.566667 0.832876
0.716667 0.583333 0.852069
0.716667 0.6 0.871821
0.716667 0.616667 0.892134
0.716667 0.633333 0.913008
0.716667 0.65 0.934441
0.716667 0.666667 0.956435
0.716667 0.683333 0.978988
0.716667 0.7 1.0021
0.716667 0.716667 1.02577
0.716667 0.733333 1.05001
0.716667 0.75 1.0748
0.716667 0.766667 1.10015
0.716667 0.783333 1.12606
0.716667 0.8 1.15252
0.716667 0.816667 1.17955
0.716667 0.833333 1.20713
0.716667 0.85 1.23527
0.716667 0.866667 1.26397
0.716667 0.883333 1.29323
0.716667 0.9 1.32304
0.716667 0.916667 1.35341
0.716667 0.933333 1.38434
0.716667 0.95 1.41583
0.716667 0.966667 1.44786
0.716667 0.983333 1.48046
0.716667 1 1.51361
0.733333 0 0.537778
0.733333 0.0166667 0.537957
0.733333 0.0333333 0.538692
0.733333 0.05 0.539984
0.733333 0.0666667 0.541832
0.733333 0.0833333 0.544237
0.733333 0.1 0.547199
0.733333 0.116667 0.550719
0.733333 0.133333 0.554796
0.733333 0.15 0.559431
0.733333 0.166667 0.564624
0.733333 0.183333 0.570376
0.733333 0.2 0.576686
0.733333 0.216667 0.583555
0.733333 0.233333 0.590983
0.733333 0.25 0.59897
0.733333 0.266667 0.607516
0.733333 0.283333 0.616622
0.733333 0.3 0.626288
0.733333 0.316667 0.636513
0.733333 0.333333 0.647298
0.733333 0.35 0.658643
0.733333 0.366667 0.670549
0.733333 0.383333 0.683014
0.733333 0.4 0.69604
0.733333 0.416667 0.709627
0.733333 0.433333 0.723774
0.733333 0.45 0.738481
0.733333 0.466667 0.753749
0.733333 0.483333 0.769577
0.733333 0.5 0.785966
0.733333 0.516667 0.802915
0.733333 0.533333 0.820425
0.733333 0.55 0.838495
0.733333 0.566667 0.857126
0.733333 0.583333 0.876317
0.733333 0.6 0.896069
0.733333 0.616667 0.91638
0.733333 0.633333 0.937252
0.733333 0.65 0.958683
0.733333 0.666667 0.980674
0.733333 0.683333 1.00323
0.733333 0.7 1.02634
0.733333 0.716667 1.05001
0.733333 0.733333 1.07423
0.733333 0.75 1.09902
0.733333 0.766667 1.12437
0.733333 0.783333 1.15027
0.733333 0.8 1.17674
0.733333 0.816667 1.20376
0.733333 0.833333 1.23134
0.733333 0.85 1.25948
0.733333 0.866667 1.28817
0.733333 0.883333 1.31743
0.733333 0.9 1.34724
0.733333 0.916667 1.3776
0.733333 0.933333 1.40853
0.733333 0.95 1.44
0.733333 0.966667 1.47204
0.733333 0.983333 1.50463
0.733333 1 1.53778
0.75 0 0.5625
0.75 0.0166667 0.562684
0.75 0.0333333 0.563424
0.75 0.05 0.564721
0.75 0.0666667 0.566574
0.75 0.0833333 0.568983
0.75 0.1 0.57195
0.75 0.116667 0.575474
0.75 0.133333 0.579556
0.75 0.15 0.584196
0.75 0.166667 0.589393
0.75 0.183333 0.595149
0.75 0.2 0.601463
0.75 0.216667 0.608335
0.75 0.233333 0.615767
0.75 0.25 0.623757
0.75 0.266667 0.632307
0.75 0.283333 0.641416
0.75 0.3 0.651084
0.75 0.316667 0.661312
0.75 0.333333 0.6721
0.75 0.35 0.683447
0.75 0.366667 0.695354
0.75 0.383333 0.707822
0.75 0.4 0.720849
0.75 0.416667 0.734437
0.75 0.433333 0.748584
0.75 0.45 0.763293
0.75 0.466667 0.778561
0.75 0.483333 0.794389
0.75 0.5 0.810778
0.75 0.516667 0.827727
0.75 0.533333 0.845237
0.75 0.55 0.863306
0.75 0.566667 0.881936
0.75 0.583333 0.901126
0.75 0.6 0.920876
0.75 0.616667 0.941186
0.75 0.633333 0.962055
0.75 0.65 0.983485
0.75 0.666667 1.00547
0.75 0.683333 1.02802
0.75 0.7 1.05113
0.75 0.716667 1.0748
0.75 0.733333 1.09902
0.75 0.75 1.12381
0.75 0.766667 1.14915
0.75 0.783333 1.17505
0.75 0.8 1.20151
0.75 0.816667 1.22853
0.75 0.833333 1.25611
0.75 0.85 1.28424
0.75 0.866667 1.31293
0.75 0.883333 1.34218
0.75 0.9 1.37199
0.75 0.916667 1.40235
0.75 0.933333 1.43327
0.75 0.95 1.46474
0.75 0.966667 1.49677
0.75 0.983333 1.52936
0.75 1 1.5625
0.766667 0 0.587778
0.766667 0.0166667 0.587967
0.766667 0.0333333 0.588712
0.766667 0.05 0.590014
0.766667 0.0666667 0.591872
0.766667 0.0833333 0.594286
0.766667 0.1 0.597258
0.766667 0.116667 0.600787
0.766667 0.133333 0.604874
0.766667 0.15 0.609518
0.766667 0.166667 0.61472
0.766667 0.183333 0.620479
0.766667 0.2 0.626798
0.766667 0.216667 0.633674
0.766667 0.233333 0.641109
0.766667 0.25 0.649103
0.766667 0.266667 0.657656
0.766667 0.283333 0.666768
0.766667 0.3 0.67644
0.766667 0.316667 0.68667
0.766667 0.333333 0.69746
0.766667 0.35 0.70881
0.766667 0.366667 0.72072
0.766667 0.383333 0.733189
0.766667 0.4 0.746218
0.766667 0.416667 0.759807
0.766667 0.433333 0.773955
0.766667 0.45 0.788664
0.766667 0.466667 0.803933
0.766667 0.483333 0.819762
0.766667 0.5 0.836151
0.766667 0.516667 0.8531
0.766667 0.533333 0.870609
0.766667 0.55 0.888677
0.766667 0.566667 0.907306
0.766667 0.583333 0.926495
0.766667 0.6 0.946243
0.766667 0.616667 0.966551
0.766667 0.633333 0.987419
0.766667 0.65 1.00885
0.766667 0.666667 1.03083
0.766667 0.683333 1.05338
0.766667 0.7 1.07648
0.766667 0.716667 1.10015
0.766667 0.733333 1.12437
0.766667 0.75 1.14915
0.766667 0.766667 1.17449
0.766667 0.783333 1.20039
0.766667 0.8 1.22684
0.766667 0.816667 1.25386
0.766667 0.833333 1.28143
0.766667 0.85 1.30956
0.766667 0.866667 1.33825
0.766667 0.883333 1.36749
0.766667 0.9 1.39729
0.766667 0.916667 1.42765
0.766667 0.933333 1.45856
0.766667 0.95 1.49003
0.766667 0.966667 1.52206
0.766667 0.983333 1.55464
0.766667 1 1.58778
0.783333 0 0.613611
0.783333 0.0166667 0.613806
0.783333 0.0333333 0.614556
0.783333 0.05 0.615863
0.783333 0.0666667 0.617726
0.783333 0.0833333 0.620146
0.783333 0.1 0.623123
0.783333 0.116667 0.626657
0.783333 0.133333 0.630748
0.783333 0.15 0.635397
0.783333 0.166667 0.640604
0.783333 0.183333 0.646368
0.783333 0.2 0.652691
0.783333 0.216667 0.659571
0.783333 0.233333 0.66701
0.783333 0.25 0.675008
0.783333 0.266667 0.683565
0.783333 0.283333 0.69268
0.783333 0.3 0.702354
0.783333 0.316667 0.712588
0.783333 0.333333 0.723381
0.783333 0.35 0.734733
0.783333 0.366667 0.746644
0.783333 0.383333 0.759115
0.783333 0.4 0.772146
0.783333 0.416667 0.785736
0.783333 0.433333 0.799886
0.783333 0.45 0.814596
0.783333 0.466667 0.829865
0.783333 0.483333 0.845694
0.783333 0.5 0.862083
0.783333 0.516667 0.879032
0.783333 0.533333 0.89654
0.783333 0.55 0.914608
0.783333 0.566667 0.933236
0.783333 0.583333 0.952423
0.783333 0.6 0.97217
0.783333 0.616667 0.992476
0.783333 0.633333 1.01334
0.783333 0.65 1.03477
0.783333 0.666667 1.05675
0.783333 0.683333 1.07929
0.783333 0.7 1.10239
0.783333 0.716667 1.12606
0.783333 0.733333 1.15027
0.783333 0.75 1.17505
0.783333 0.766667 1.20039
0.783333 0.783333 1.22628
0.783333 0.8 1.25273
0.783333 0.816667 1.27974
0.783333 0.833333 1.30731
0.783333 0.85 1.33544
0.783333 0.866667 1.36412
0.783333 0.883333 1.39336
0.783333 0.9 1.42315
0.783333 0.916667 1.45351
0.783333 0.933333 1.48442
0.783333 0.95 1.51588
0.783333 0.966667 1.5479
0.783333 0.983333 1.58048
0.783333 1 1.61361
0.8 0 0.64
0.8 0.0166667 0.6402
0.8 0.0333333 0.640956
0.8 0.05 0.642269
0.8 0.0666667 0.644137
0.8 0.0833333 0.646563
0.8 0.1 0.649545
0.8 0.116667 0.653084
0.8 0.133333 0.65718
0.8 0.15 0.661834
0.8 0.166667 0.667045
0.8 0.183333 0.672814
0.8 0.2 0.679141
0.8 0.216667 0.686026
0.8 0.233333 0.69347
0.8 0.25 0.701471
0.8 0.266667 0.710031
0.8 0.283333 0.71915
0.8 0.3 0.728828
0.8 0.316667 0.739064
0.8 0.333333 0.74986
0.8 0.35 0.761214
0.8 0.366667 0.773128
0.8 0.383333 0.785601
0.8 0.4 0.798633
0.8 0.416667 0.812225
0.8 0.433333 0.826376
0.8 0.45 0.841086
0.8 0.466667 0.856356
0.8 0.483333 0.872186
0.8 0.5 0.888575
0.8 0.516667 0.905523
0.8 0.533333 0.923031
0.8 0.55 0.941098
0.8 0.566667 0.959725
0.8 0.583333 0.97891
0.8 0.6 0.998656
0.8 0.616667 1.01896
0.8 0.633333 1.03982
0.8 0.65 1.06125
0.8 0.666667 1.08323
0.8 0.683333 1.10577
0.8 0.7 1.12887
0.8 0.716667 1.15252
0.8 0.733333 1.17674
0.8 0.75 1.20151
0.8 0.766667 1.22684
0.8 0.783333 1.25273
0.8 0.8 1.27918
0.8 0.816667 1.30619
0.8 0.833333 1.33375
0.8 0.85 1.36187
0.8 0.866667 1.39055
0.8 0.883333 1.41978
0.8 0.9 1.44957
0.8 0.916667 1.47992
0.8 0.933333 1.51083
0.8 0.95 1.54229
0.8 0.966667 1.5743
0.8 0.983333 1.60687
0.8 1 1.64
0.816667 0 0.666944
0.816667 0.0166667 0.66715
0.816667 0.0333333 0.667912
0.816667 0.05 0.66923
0.816667 0.0666667 0.671105
0.816667 0.0833333 0.673536
0.816667 0.1 0.676523
0.816667 0.116667 0.680068
0.816667 0.133333 0.684169
0.816667 0.15 0.688828
0.816667 0.166667 0.694045
0.816667 0.183333 0.699818
0.816667 0.2 0.70615
0.816667 0.216667 0.713039
0.816667 0.233333 0.720487
0.816667 0.25 0.728493
0.816667 0.266667 0.737057
0.816667 0.283333 0.746179
0.816667 0.3 0.75586
0.816667 0.316667 0.766099
0.816667 0.333333 0.776898
0.816667 0.35 0.788255
0.816667 0.366667 0.800171
0.816667 0.383333 0.812646
0.816667 0.4 0.82568
0.816667 0.416667 0.839273
0.816667 0.433333 0.853425
0.816667 0.45 0.868136
0.816667 0.466667 0.883407
0.816667 0.483333 0.899237
0.816667 0.5 0.915626
0.816667 0.516667 0.932574
0.816667 0.533333 0.950081
0.816667 0.55 0.968147
0.816667 0.566667 0.986773
0.816667 0.583333 1.00596
0.816667 0.6 1.0257
0.816667 0.616667 1.046
0.816667 0.633333 1.06686
0.816667 0.65 1.08828
0.816667 0.666667 1.11026
0.816667 0.683333 1.1328
0.816667 0.7 1.15589
0.816667 0.716667 1.17955
0.816667 0.733333 1.20376
0.816667 0.75 1.22853
0.816667 0.766667 1.25386
0.816667 0.783333 1.27974
0.816667 0.8 1.30619
0.816667 0.816667 1.33319
0.816667 0.833333 1.36075
0.816667 0.85 1.38886
0.816667 0.866667 1.41754
0.816667 0.883333 1.44676
0.816667 0.9 1.47655
0.816667 0.916667 1.50689
0.816667 0.933333 1.53779
0.816667 0.95 1.56925
0.816667 0.966667 1.60126
0.816667 0.983333 1.63382
0.816667 1 1.66694
0.833333 0 0.694444
0.833333 0.0166667 0.694656
0.833333 0.0333333 0.695424
0.833333 0.05 0.696748
0.833333 0.0666667 0.698628
0.833333 0.0833333 0.701065
0.833333 0.1 0.704058
0.833333 0.116667 0.707608
0.833333 0.133333 0.711715
0.833333 0.15 0.71638
0.833333 0.166667 0.721601
0.833333 0.183333 0.72738
0.833333 0.2 0.733716
0.833333 0.216667 0.74061
0.833333 0.233333 0.748062
0.833333 0.25 0.756072
0.833333 0.266667 0.76464
0.833333 0.283333 0.773766
0.833333 0.3 0.78345
0.833333 0.316667 0.793693
0.833333 0.333333 0.804494
0.833333 0.35 0.815854
0.833333 0.366667 0.827772
0.833333 0.383333 0.840249
0.833333 0.4 0.853285
0.833333 0.416667 0.86688
0.833333 0.433333 0.881033
0.833333 0.45 0.895745
0.833333 0.466667 0.911016
0.833333 0.483333 0.926846
0.833333 0.5 0.943235
0.833333 0.516667 0.960183
0.833333 0.533333 0.97769
0.833333 0.55 0.995755
0.833333 0.566667 1.01438
0.833333 0.583333 1.03356
0.833333 0.6 1.0533
0.833333 0.616667 1.0736
0.833333 0.633333 1.09446
0.833333 0.65 1.11588
0.833333 0.666667 1.13786
0.833333 0.683333 1.16039
0.833333 0.7 1.18348
0.833333 0.716667 1.20713
0.833333 0.733333 1.23134
0.833333 0.75 1.25611
0.833333 0.766667 1.28143
0.833333 0.783333 1.30731
0.833333 0.8 1.33375
0.833333 0.816667 1.36075
0.833333 0.833333 1.3883
0.833333 0.85 1.41641
0.833333 0.866667 1.44508
0.833333 0.883333 1.4743
0.833333 0.9 1.50408
0.833333 0.916667 1.53442
0.833333 0.933333 1.56531
0.833333 0.95 1.59676
0.833333 0.966667 1.62877
0.833333 0.983333 1.66133
0.833333 1 1.69444
0.85 0 0.7225
0.85 0.0166667 0.722718
0.85 0.0333333 0.723492
0.85 0.05 0.724822
0.85 0.0666667 0.726708
0.85 0.0833333 0.729151
0.85 0.1 0.73215
0.85 0.116667 0.735706
0.85 0.133333 0.739818
0.85 0.15 0.744488
0.85 0.166667 0.749714
0.85 0.183333 0.755498
0.85 0.2 0.76184
0.85 0.216667 0.768738
0.85 0.233333 0.776195
0.85 0.25 0.784209
0.85 0.266667 0.792781
0.85 0.283333 0.80191
0.85 0.3 0.811598
0.85 0.316667 0.821844
0.85 0.333333 0.832649
0.85 0.35 0.844011
0.85 0.366667 0.855932
0.85 0.383333 0.868411
0.85 0.4 0.881449
0.85 0.416667 0.895045
0.85 0.433333 0.909199
0.85 0.45 0.923913
0.85 0.466667 0.939184
0.85 0.483333 0.955015
0.85 0.5 0.971404
0.85 0.516667 0.988351
0.85 0.533333 1.00586
0.85 0.55 1.02392
0.85 0.566667 1.04254
0.85 0.583333 1.06173
0.85 0.6 1.08147
0.85 0.616667 1.10176
0.85 0.633333 1.12262
0.85 0.65 1.14404
0.85 0.666667 1.16601
0.85 0.683333 1.18854
0.85 0.7 1.21163
0.85 0.716667 1.23527
0.85 0.733333 1.25948
0.85 0.75 1.28424
0.85 0.766667 1.30956
0.85 0.783333 1.33544
0.85 0.8 1.36187
0.85 0.816667 1.38886
0.85 0.833333 1.41641
0.85 0.85 1.44452
0.85 0.866667 1.47318
0.85 0.883333 1.5024
0.85 0.9 1.53217
0.85 0.916667 1.5625
0.85 0.933333 1.59339
0.85 0.95 1.62483
0.85 0.966667 1.65683
0.85 0.983333 1.68939
0.85 1 1.7225
0.866667 0 0.751111
0.866667 0.0166667 0.751335
0.866667 0.0333333 0.752116
0.866667 0.05 0.753452
0.866667 0.0666667 0.755344
0.866667 0.0833333 0.757793
0.866667 0.1 0.760798
0.866667 0.116667 0.764359
0.866667 0.133333 0.768478
0.866667 0.15 0.773153
0.866667 0.166667 0.778385
0.866667 0.183333 0.784174
0.866667 0.2 0.79052
0.866667 0.216667 0.797424
0.866667 0.233333 0.804885
0.866667 0.25 0.812903
0.866667 0.266667 0.821479
0.866667 0.283333 0.830613
0.866667 0.3 0.840304
0.866667 0.316667 0.850554
0.866667 0.333333 0.861361
0.866667 0.35 0.872726
0.866667 0.366667 0.88465
0.866667 0.383333 0.897131
0.866667 0.4 0.910171
0.866667 0.416667 0.923768
0.866667 0.433333 0.937924
0.866667 0.45 0.952638
0.866667 0.466667 0.967911
0.866667 0.483333 0.983741
0.866667 0.5 1.00013
0.866667 0.516667 1.01708
0.866667 0.533333 1.03458
0.866667 0.55 1.05265
0.866667 0.566667 1.07127
0.866667 0.583333 1.09045
0.866667 0.6 1.11019
0.866667 0.616667 1.13048
0.866667 0.633333 1.15134
0.866667 0.65 1.17275
0.866667 0.666667 1.19472
0.866667 0.683333 1.21725
0.866667 0.7 1.24033
0.866667 0.716667 1.26397
0.866667 0.733333 1.28817
0.866667 0.75 1.31293
0.866667 0.766667 1.33825
0.866667 0.783333 1.36412
0.866667 0.8 1.39055
0.866667 0.816667 1.41754
0.866667 0.833333 1.44508
0.866667 0.85 1.47318
0.866667 0.866667 1.50184
0.866667 0.883333 1.53105
0.866667 0.9 1.56082
0.866667 0.916667 1.59114
0.866667 0.933333 1.62203
0.866667 0.95 1.65346
0.866667 0.966667 1.68546
0.866667 0.983333 1.71801
0.866667 1 1.75111
0.883333 0 0.780278
0.883333 0.0166667 0.780509
0.883333 0.0333333 0.781295
0.883333 0.05 0.782638
0.883333 0.0666667 0.784536
0.883333 0.0833333 0.786991
0.883333 0.1 0.790002
0.883333 0.116667 0.79357
0.883333 0.133333 0.797694
0.883333 0.15 0.802375
0.883333 0.166667 0.807612
0.883333 0.183333 0.813406
0.883333 0.2 0.819758
0.883333 0.216667 0.826666
0.883333 0.233333 0.834132
0.883333 0.25 0.842155
0.883333 0.266667 0.850735
0.883333 0.283333 0.859873
0.883333 0.3 0.869568
0.883333 0.316667 0.879821
0.883333 0.333333 0.890631
0.883333 0.35 0.901999
0.883333 0.366667 0.913925
0.883333 0.383333 0.926409
0.883333 0.4 0.93945
0.883333 0.416667 0.95305
0.883333 0.433333 0.967207
0.883333 0.45 0.981922
0.883333 0.466667 0.997195
0.883333 0.483333 1.01303
0.883333 0.5 1.02941
0.883333 0.516667 1.04636
0.883333 0.533333 1.06387
0.883333 0.55 1.08193
0.883333 0.566667 1.10055
0.883333 0.583333 1.11973
0.883333 0.6 1.13946
0.883333 0.616667 1.15976
0.883333 0.633333 1.18061
0.883333 0.65 1.20202
0.883333 0.666667 1.22398
0.883333 0.683333 1.24651
0.883333 0.7 1.26959
0.883333 0.716667 1.29323
0.883333 0.733333 1.31743
0.883333 0.75 1.34218
0.883333 0.766667 1.36749
0.883333 0.783333 1.39336
0.883333 0.8 1.41978
0.883333 0.816667 1.44676
0.883333 0.833333 1.4743
0.883333 0.85 1.5024
0.883333 0.866667 1.53105
0.883333 0.883333 1.56026
0.883333 0.9 1.59002
0.883333 0.916667 1.62034
0.883333 0.933333 1.65122
0.883333 0.95 1.68265
0.883333 0.966667 1.71464
0.883333 0.983333 1.74718
0.883333 1 1.78028
0.9 0 0.81
0.9 0.0166667 0.810237
0.9 0.0333333 0.81103
0.9 0.05 0.812379
0.9 0.0666667 0.814284
0.9 0.0833333 0.816745
0.9 0.1 0.819763
0.9 0.116667 0.823336
0.9 0.133333 0.827466
0.9 0.15 0.832153
0.9 0.166667 0.837396
0.9 0.183333 0.843196
0.9 0.2 0.849552
0.9 0.216667 0.856466
0.9 0.233333 0.863936
0.9 0.25 0.871964
0.9 0.266667 0.880548
0.9 0.283333 0.88969
0.9 0.3 0.899389
0.9 0.316667 0.909645
0.9 0.333333 0.920459
0.9 0.35 0.93183
0.9 0.366667 0.943758
0.9 0.383333 0.956244
0.9 0.4 0.969287
0.9 0.416667 0.982888
0.9 0.433333 0.997047
0.9 0.45 1.01176
0.9 0.466667 1.02704
0.9 0.483333 1.04287
0.9 0.5 1.05926
0.9 0.516667 1.0762
0.9 0.533333 1.09371
0.9 0.55 1.11177
0.9 0.566667 1.13039
0.9 0.583333 1.14956
0.9 0.6 1.1693
0.9 0.616667 1.18959
0.9 0.633333 1.21044
0.9 0.65 1.23185
0.9 0.666667 1.25381
0.9 0.683333 1.27633
0.9 0.7 1.29941
0.9 0.716667 1.32304
0.9 0.733333 1.34724
0.9 0.75 1.37199
0.9 0.766667 1.39729
0.9 0.783333 1.42315
0.9 0.8 1.44957
0.9 0.816667 1.47655
0.9 0.833333 1.50408
0.9 0.85 1.53217
0.9 0.866667 1.56082
0.9 0.883333 1.59002
0.9 0.9 1.61978
0.9 0.916667 1.65009
0.9 0.933333 1.68096
0.9 0.95 1.71239
0.9 0.966667 1.74437
0.9 0.983333 1.77691
0.9 1 1.81
0.916667 0 0.840278
0.916667 0.0166667 0.840522
0.916667 0.0333333 0.841321
0.916667 0.05 0.842677
0.916667 0.0666667 0.844588
0.916667 0.0833333 0.847056
0.916667 0.1 0.850079
0.916667 0.116667 0.853659
0.916667 0.133333 0.857795
0.916667 0.15 0.862487
0.916667 0.166667 0.867736
0.916667 0.183333 0.873541
0.916667 0.2 0.879903
0.916667 0.216667 0.886822
0.916667 0.233333 0.894297
0.916667 0.25 0.902329
0.916667 0.266667 0.910918
0.916667 0.283333 0.920064
0.916667 0.3 0.929767
0.916667 0.316667 0.940026
0.916667 0.333333 0.950843
0.916667 0.35 0.962217
0.916667 0.366667 0.974148
0.916667 0.383333 0.986636
0.916667 0.4 0.999682
0.916667 0.416667 1.01328
0.916667 0.433333 1.02744
0.916667 0.45 1.04216
0.916667 0.466667 1.05744
0.916667 0.483333 1.07327
0.916667 0.5 1.08966
0.916667 0.516667 1.1066
0.916667 0.533333 1.12411
0.916667 0.55 1.14217
0.916667 0.566667 1.16078
0.916667 0.583333 1.17996
0.916667 0.6 1.19969
0.916667 0.616667 1.21998
0.916667 0.633333 1.24083
0.916667 0.65 1.26223
0.916667 0.666667 1.28419
0.916667 0.683333 1.30671
0.916667 0.7 1.32978
0.916667 0.716667 1.35341
0.916667 0.733333 1.3776
0.916667 0.75 1.40235
0.916667 0.766667 1.42765
0.916667 0.783333 1.45351
0.916667 0.8 1.47992
0.916667 0.816667 1.50689
0.916667 0.833333 1.53442
0.916667 0.85 1.5625
0.916667 0.866667 1.59114
0.916667 0.883333 1.62034
0.916667 0.9 1.65009
0.916667 0.916667 1.6804
0.916667 0.933333 1.71126
0.916667 0.95 1.74268
0.916667 0.966667 1.77466
0.916667 0.983333 1.80719
0.916667 1 1.84028
0.933333 0 0.871111
0.933333 0.0166667 0.871362
0.933333 0.0333333 0.872168
0.933333 0.05 0.87353
0.933333 0.0666667 0.875448
0.933333 0.0833333 0.877922
0.933333 0.1 0.880952
0.933333 0.116667 0.884538
0.933333 0.133333 0.88868
0.933333 0.15 0.893378
0.933333 0.166667 0.898633
0.933333 0.183333 0.904443
0.933333 0.2 0.910811
0.933333 0.216667 0.917734
0.933333 0.233333 0.925215
0.933333 0.25 0.933251
0.933333 0.266667 0.941844
0.933333 0.283333 0.950994
0.933333 0.3 0.960701
0.933333 0.316667 0.970964
0.933333 0.333333 0.981784
0.933333 0.35 0.993161
0.933333 0.366667 1.00509
0.933333 0.383333 1.01759
0.933333 0.4 1.03063
0.933333 0.416667 1.04424
0.933333 0.433333 1.0584
0.933333 0.45 1.07312
0.933333 0.466667 1.08839
0.933333 0.483333 1.10422
0.933333 0.5 1.12061
0.933333 0.516667 1.13756
0.933333 0.533333 1.15506
0.933333 0.55 1.17312
0.933333 0.566667 1.19174
0.933333 0.583333 1.21091
0.933333 0.6 1.23064
0.933333 0.616667 1.25093
0.933333 0.633333 1.27177
0.933333 0.65 1.29317
0.933333 0.666667 1.31513
0.933333 0.683333 1.33764
0.933333 0.7 1.36071
0.933333 0.716667 1.38434
0.933333 0.733333 1.40853
0.933333 0.75 1.43327
0.933333 0.766667 1.45856
0.933333 0.783333 1.48442
0.933333 0.8 1.51083
0.933333 0.816667 1.53779
0.933333 0.833333 1.56531
0.933333 0.85 1.59339
0.933333 0.866667 1.62203
0.933333 0.883333 1.65122
0.933333 0.9 1.68096
0.933333 0.916667 1.71126
0.933333 0.933333 1.74212
0.933333 0.95 1.77354
0.933333 0.966667 1.80551
0.933333 0.983333 1.83803
0.933333 1 1.87111
0.95 0 0.9025
0.95 0.0166667 0.902757
0.95 0.0333333 0.90357
0.95 0.05 0.904939
0.95 0.0666667 0.906864
0.95 0.0833333 0.909344
0.95 0.1 0.91238
0.95 0.116667 0.915973
0.95 0.133333 0.920121
0.95 0.15 0.924825
0.95 0.166667 0.930085
0.95 0.183333 0.935902
0.95 0.2 0.942274
0.95 0.216667 0.949203
0.95 0.233333 0.956688
0.95 0.25 0.96473
0.95 0.266667 0.973327
0.95 0.283333 0.982481
0.95 0.3 0.992192
0.95 0.316667 1.00246
0.95 0.333333 1.01328
0.95 0.35 1.02466
0.95 0.366667 1.0366
0.95 0.383333 1.04909
0.95 0.4 1.06214
0.95 0.416667 1.07575
0.95 0.433333 1.08991
0.95 0.45 1.10463
0.95 0.466667 1.1199
0.95 0.483333 1.13574
0.95 0.5 1.15213
0.95 0.516667 1.16907
0.95 0.533333 1.18657
0.95 0.55 1.20463
0.95 0.566667 1.22325
0.95 0.583333 1.24242
0.95 0.6 1.26215
0.95 0.616667 1.28243
0.95 0.633333 1.30327
0.95 0.65 1.32467
0.95 0.666667 1.34662
0.95 0.683333 1.36913
0.95 0.7 1.3922
0.95 0.716667 1.41583
0.95 0.733333 1.44
0.95 0.75 1.46474
0.95 0.766667 1.49003
0.95 0.783333 1.51588
0.95 0.8 1.54229
0.95 0.816667 1.56925
0.95 0.833333 1.59676
0.95 0.85 1.62483
0.95 0.866667 1.65346
0.95 0.883333 1.68265
0.95 0.9 1.71239
0.95 0.916667 1.74268
0.95 0.933333 1.77354
0.95 0.95 1.80494
0.95 0.966667 1.83691
0.95 0.983333 1.86943
0.95 1 1.9025
0.966667 0 0.934444
0.966667 0.0166667 0.934709
0.966667 0.0333333 0.935528
0.966667 0.05 0.936904
0.966667 0.0666667 0.938835
0.966667 0.0833333 0.941322
0.966667 0.1 0.944365
0.966667 0.116667 0.947963
0.966667 0.133333 0.952117
0.966667 0.15 0.956828
0.966667 0.166667 0.962094
0.966667 0.183333 0.967916
0.966667 0.2 0.974294
0.966667 0.216667 0.981228
0.966667 0.233333 0.988718
0.966667 0.25 0.996764
0.966667 0.266667 1.00537
0.966667 0.283333 1.01452
0.966667 0.3 1.02424
0.966667 0.316667 1.03451
0.966667 0.333333 1.04534
0.966667 0.35 1.05672
0.966667 0.366667 1.06866
0.966667 0.383333 1.08115
0.966667 0.4 1.0942
0.966667 0.416667 1.10781
0.966667 0.433333 1.12198
0.966667 0.45 1.1367
0.966667 0.466667 1.15197
0.966667 0.483333 1.16781
0.966667 0.5 1.18419
0.966667 0.516667 1.20114
0.966667 0.533333 1.21864
0.966667 0.55 1.2367
0.966667 0.566667 1.25531
0.966667 0.583333 1.27448
0.966667 0.6 1.29421
0.966667 0.616667 1.31449
0.966667 0.633333 1.33533
0.966667 0.65 1.35672
0.966667 0.666667 1.37868
0.966667 0.683333 1.40118
0.966667 0.7 1.42425
0.966667 0.716667 1.44786
0.966667 0.733333 1.47204
0.966667 0.75 1.49677
0.966667 0.766667 1.52206
0.966667 0.783333 1.5479
0.966667 0.8 1.5743
0.966667 0.816667 1.60126
0.966667 0.833333 1.62877
0.966667 0.85 1.65683
0.966667 0.866667 1.68546
0.966667 0.883333 1.71464
0.966667 0.9 1.74437
0.966667 0.916667 1.77466
0.966667 0.933333 1.80551
0.966667 0.95 1.83691
0.966667 0.966667 1.86886
0.966667 0.983333 1.90138
0.966667 1 1.93444
0.983333 0 0.966944
0.983333 0.0166667 0.967215
0.983333 0.0333333 0.968042
0.983333 0.05 0.969424
0.983333 0.0666667 0.971362
0.983333 0.0833333 0.973855
0.983333 0.1 0.976905
0.983333 0.116667 0.980509
0.983333 0.133333 0.98467
0.983333 0.15 0.989386
0.983333 0.166667 0.994658
0.983333 0.183333 1.00049
0.983333 0.2 1.00687
0.983333 0.216667 1.01381
0.983333 0.233333 1.0213
0.983333 0.25 1.02935
0.983333 0.266667 1.03796
0.983333 0.283333 1.04712
0.983333 0.3 1.05684
0.983333 0.316667 1.06712
0.983333 0.333333 1.07795
0.983333 0.35 1.08933
0.983333 0.366667 1.10127
0.983333 0.383333 1.11377
0.983333 0.4 1.12682
0.983333 0.416667 1.14043
0.983333 0.433333 1.1546
0.983333 0.45 1.16932
0.983333 0.466667 1.1846
0.983333 0.483333 1.20043
0.983333 0.5 1.21682
0.983333 0.516667 1.23376
0.983333 0.533333 1.25126
0.983333 0.55 1.26932
0.983333 0.566667 1.28793
0.983333 0.583333 1.3071
0.983333 0.6 1.32683
0.983333 0.616667 1.34711
0.983333 0.633333 1.36794
0.983333 0.65 1.38933
0.983333 0.666667 1.41128
0.983333 0.683333 1.43379
0.983333 0.7 1.45684
0.983333 0.716667 1.48046
0.983333 0.733333 1.50463
0.983333 0.75 1.52936
0.983333 0.766667 1.55464
0.983333 0.783333 1.58048
0.983333 0.8 1.60687
0.983333 0.816667 1.63382
0.983333 0.833333 1.66133
0.983333 0.85 1.68939
0.983333 0.866667 1.71801
0.983333 0.883333 1.74718
0.983333 0.9 1.77691
0.983333 0.916667 1.80719
0.983333 0.933333 1.83803
0.983333 0.95 1.86943
0.983333 0.966667 1.90138
0.983333 0.983333 1.93388
0.983333 1 1.96694
1 0 1
1 0.0166667 1.00028
1 0.0333333 1.00111
1 0.05 1.0025
1 0.0666667 1.00444
1 0.0833333 1.00694
1 0.1 1.01
1 0.116667 1.01361
1 0.133333 1.01778
1 0.15 1.0225
1 0.166667 1.02778
1 0.183333 1.03361
1 0.2 1.04
1 0.216667 1.04694
1 0.233333 1.05444
1 0.25 1.0625
1 0.266667 1.07111
1 0.283333 1.08028
1 0.3 1.09
1 0.316667 1.10028
1 0.333333 1.11111
1 0.35 1.1225
1 0.366667 1.13444
1 0.383333 1.14694
1 0.4 1.16
1 0.416667 1.17361
1 0.433333 1.18778
1 0.45 1.2025
1 0.466667 1.21778
1 0.483333 1.23361
1 0.5 1.25
1 0.516667 1.26694
1 0.533333 1.28444
1 0.55 1.3025
1 0.566667 1.32111
1 0.583333 1.34028
1 0.6 1.36
1 0.616667 1.38028
1 0.633333 1.40111
1 0.65 1.4225
1 0.666667 1.44444
1 0.683333 1.46694
1 0.7 1.49
1 0.716667 1.51361
1 0.733333 1.53778
1 0.75 1.5625
1 0.766667 1.58778
1 0.783333 1.61361
1 0.8 1.64
1 0.816667 1.66694
1 0.833333 1.69444
1 0.85 1.7225
1 0.866667 1.75111
1 0.883333 1.78028
1 0.9 1.81
1 0.916667 1.84028
1 0.933333 1.87111
1 0.95 1.9025
1 0.966667 1.93444
1 0.983333 1.96694
1 1 0
