0 0 0
0 0.02 0.0004
0 0.04 0.0016
0 0.06 0.0036
0 0.08 0.0064
0 0.1 0.01
0 0.12 0.0144
0 0.14 0.0196
0 0.16 0.0256
0 0.18 0.0324
0 0.2 0.04
0 0.22 0.0484
0 0.24 0.0576
0 0.26 0.0676
0 0.28 0.0784
0 0.3 0.09
0 0.32 0.1024
0 0.34 0.1156
0 0.36 0.1296
0 0.38 0.1444
0 0.4 0.16
0 0.42 0.1764
0 0.44 0.1936
0 0.46 0.2116
0 0.48 0.2304
0 0.5 0.25
0 0.52 0.2704
0 0.54 0.2916
0 0.56 0.3136
0 0.58 0.3364
0 0.6 0.36
0 0.62 0.3844
0 0.64 0.4096
0 0.66 0.4356
0 0.68 0.4624
0 0.7 0.49
0 0.72 0.5184
0 0.74 0.5476
0 0.76 0.5776
0 0.78 0.6084
0 0.8 0.64
0 0.82 0.6724
0 0.84 0.7056
0 0.86 0.7396
0 0.88 0.7744
0 0.9 0.81
0 0.92 0.8464
0 0.94 0.8836
0 0.96 0.9216
0 0.98 0.9604
0 1 1
0.02 0 0.0004
0.02 0.02 0.000789138
0.02 0.04 0.00197836
0.02 0.06 0.00396771
0.02 0.08 0.00675723
0.02 0.1 0.010347
0.02 0.12 0.0147369
0.02 0.14 0.0199272
0.02 0.16 0.0259178
0.02 0.18 0.0327088
0.02 0.2 0.0403001
0.02 0.22 0.0486919
0.02 0.24 0.0578841
0.02 0.26 0.0678768
0.02 0.28 0.0786701
0.02 0.3 0.0902639
0.02 0.32 0.102658
0.02 0.34 0.115853
0.02 0.36 0.129849
0.02 0.38 0.144645
0.02 0.4 0.160242
0.02 0.42 0.176639
0.02 0.44 0.193837
0.02 0.46 0.211836
0.02 0.48 0.230635
0.02 0.5 0.250235
0.02 0.52 0.270636
0.02 0.54 0.291837
0.02 0.56 0.313839
0.02 0.58 0.336641
0.02 0.6 0.360245
0.02 0.62 0.384648
0.02 0.64 0.409853
0.02 0.66 0.435858
0.02 0.68 0.462663
0.02 0.7 0.490269
0.02 0.72 0.518676
0.02 0.74 0.547883
0.02 0.76 0.57789
0.02 0.78 0.608698
0.02 0.8 0.640306
0.02 0.82 0.672714
0.02 0.84 0.705923
0.02 0.86 0.739932
0.02 0.88 0.774741
0.02 0.9 0.810351
0.02 0.92 0.846761
0.02 0.94 0.88397
0.02 0.96 0.92198
0.02 0.98 0.96079
0.02 1 1.0004
0.04 0 0.0016
0.04 0.02 0.00197836
0.04 0.04 0.00315689
0.04 0.06 0.00513568
0.04 0.08 0.00791481
0.04 0.1 0.0114943
0.04 0.12 0.0158744
0.04 0.14 0.021055
0.04 0.16 0.0270363
0.04 0.18 0.0338182
0.04 0.2 0.041401
0.04 0.22 0.0497846
0.04 0.24 0.0589692
0.04 0.26 0.0689547
0.04 0.28 0.0797412
0.04 0.3 0.0913288
0.04 0.32 0.103718
0.04 0.34 0.116907
0.04 0.36 0.130898
0.04 0.38 0.145691
0.04 0.4 0.161284
0.04 0.42 0.177679
0.04 0.44 0.194875
0.04 0.46 0.212873
0.04 0.48 0.231671
0.04 0.5 0.251271
0.04 0.52 0.271673
0.04 0.54 0.292875
0.04 0.56 0.314879
0.04 0.58 0.337684
0.04 0.6 0.36129
0.04 0.62 0.385698
0.04 0.64 0.410907
0.04 0.66 0.436916
0.04 0.68 0.463727
0.04 0.7 0.491339
0.04 0.72 0.519752
0.04 0.74 0.548966
0.04 0.76 0.578981
0.04 0.78 0.609796
0.04 0.8 0.641412
0.04 0.82 0.673829
0.04 0.84 0.707047
0.04 0.86 0.741065
0.04 0.88 0.775883
0.04 0.9 0.811502
0.04 0.92 0.847922
0.04 0.94 0.885141
0.04 0.96 0.923161
0.04 0.98 0.96198
0.04 1 1.0016
0.06 0 0.0036
0.06 0.02 0.00396771
0.06 0.04 0.00513568
0.06 0.06 0.00710403
0.06 0.08 0.00987288
0.06 0.1 0.0134424
0.06 0.12 0.0178126
0.06 0.14 0.0229836
0.06 0.16 0.0289557
0.06 0.18 0.0357288
0.06 0.2 0.0433031
0.06 0.22 0.0516786
0.06 0.24 0.0608556
0.06 0.26 0.0708339
0.06 0.28 0.0816138
0.06 0.3 0.0931953
0.06 0.32 0.105579
0.06 0.34 0.118763
0.06 0.36 0.13275
0.06 0.38 0.147539
0.06 0.4 0.163129
0.06 0.42 0.179521
0.06 0.44 0.196715
0.06 0.46 0.214711
0.06 0.48 0.23351
0.06 0.5 0.25311
0.06 0.52 0.273511
0.06 0.54 0.294715
0.06 0.56 0.316721
0.06 0.58 0.339529
0.06 0.6 0.363138
0.06 0.62 0.387549
0.06 0.64 0.412762
0.06 0.66 0.438777
0.06 0.68 0.465593
0.06 0.7 0.493211
0.06 0.72 0.52163
0.06 0.74 0.550851
0.06 0.76 0.580873
0.06 0.78 0.611696
0.06 0.8 0.64332
0.06 0.82 0.675745
0.06 0.84 0.708972
0.06 0.86 0.742998
0.06 0.88 0.777826
0.06 0.9 0.813454
0.06 0.92 0.849883
0.06 0.94 0.887112
0.06 0.96 0.925141
0.06 0.98 0.963971
0.06 1 1.0036
0.08 0 0.0064
0.08 0.02 0.00675723
0.08 0.04 0.00791481
0.08 0.06 0.00987288
0.08 0.08 0.0126316
0.08 0.1 0.0161912
0.08 0.12 0.0205517
0.08 0.14 0.0257134
0.08 0.16 0.0316764
0.08 0.18 0.0384408
0.08 0.2 0.0460067
0.08 0.22 0.0543743
0.08 0.24 0.0635438
0.08 0.26 0.0735151
0.08 0.28 0.0842885
0.08 0.3 0.095864
0.08 0.32 0.108242
0.08 0.34 0.121422
0.08 0.36 0.135404
0.08 0.38 0.150189
0.08 0.4 0.165776
0.08 0.42 0.182166
0.08 0.44 0.199358
0.08 0.46 0.217353
0.08 0.48 0.23615
0.08 0.5 0.25575
0.08 0.52 0.276153
0.08 0.54 0.297358
0.08 0.56 0.319366
0.08 0.58 0.342176
0.08 0.6 0.365788
0.08 0.62 0.390203
0.08 0.64 0.41542
0.08 0.66 0.44144
0.08 0.68 0.468261
0.08 0.7 0.495885
0.08 0.72 0.52431
0.08 0.74 0.553537
0.08 0.76 0.583567
0.08 0.78 0.614397
0.08 0.8 0.646029
0.08 0.82 0.678463
0.08 0.84 0.711697
0.08 0.86 0.745733
0.08 0.88 0.78057
0.08 0.9 0.816207
0.08 0.92 0.852645
0.08 0.94 0.889883
0.08 0.96 0.927922
0.08 0.98 0.966761
0.08 1 1.0064
0.1 0 0.01
0.1 0.02 0.010347
0.1 0.04 0.0114943
0.1 0.06 0.0134424
0.1 0.08 0.0161912
0.1 0.1 0.019741
0.1 0.12 0.0240921
0.1 0.14 0.0292446
0.1 0.16 0.0351987
0.1 0.18 0.0419545
0.1 0.2 0.0495123
0.1 0.22 0.0578721
0.1 0.24 0.0670342
0.1 0.26 0.0769987
0.1 0.28 0.0877657
0.1 0.3 0.0993353
0.1 0.32 0.111708
0.1 0.34 0.124883
0.1 0.36 0.138861
0.1 0.38 0.153642
0.1 0.4 0.169226
0.1 0.42 0.185614
0.1 0.44 0.202804
0.1 0.46 0.220798
0.1 0.48 0.239594
0.1 0.5 0.259194
0.1 0.52 0.279598
0.1 0.54 0.300804
0.1 0.56 0.322813
0.1 0.58 0.345626
0.1 0.6 0.369241
0.1 0.62 0.39366
0.1 0.64 0.418881
0.1 0.66 0.444905
0.1 0.68 0.471732
0.1 0.7 0.499361
0.1 0.72 0.527793
0.1 0.74 0.557026
0.1 0.76 0.587062
0.1 0.78 0.6179
0.1 0.8 0.64954
0.1 0.82 0.681982
0.1 0.84 0.715225
0.1 0.86 0.749269
0.1 0.88 0.784114
0.1 0.9 0.819761
0.1 0.92 0.856208
0.1 0.94 0.893455
0.1 0.96 0.931504
0.1 0.98 0.970352
0.1 1 1.01
0.12 0 0.0144
0.12 0.02 0.0147369
0.12 0.04 0.0158744
0.12 0.06 0.0178126
0.12 0.08 0.0205517
0.12 0.1 0.0240921
0.12 0.12 0.028434
0.12 0.14 0.0335775
0.12 0.16 0.0395229
0.12 0.18 0.0462703
0.12 0.2 0.0538201
0.12 0.22 0.0621724
0.12 0.24 0.0713273
0.12 0.26 0.0812851
0.12 0.28 0.0920458
0.12 0.3 0.10361
0.12 0.32 0.115977
0.12 0.34 0.129147
0.12 0.36 0.143121
0.12 0.38 0.157899
0.12 0.4 0.17348
0.12 0.42 0.189865
0.12 0.44 0.207054
0.12 0.46 0.225046
0.12 0.48 0.243842
0.12 0.5 0.263442
0.12 0.52 0.283846
0.12 0.54 0.305053
0.12 0.56 0.327065
0.12 0.58 0.34988
0.12 0.6 0.373498
0.12 0.62 0.39792
0.12 0.64 0.423145
0.12 0.66 0.449174
0.12 0.68 0.476005
0.12 0.7 0.50364
0.12 0.72 0.532078
0.12 0.74 0.561318
0.12 0.76 0.591361
0.12 0.78 0.622206
0.12 0.8 0.653853
0.12 0.82 0.686303
0.12 0.84 0.719554
0.12 0.86 0.753606
0.12 0.88 0.78846
0.12 0.9 0.824115
0.12 0.92 0.860571
0.12 0.94 0.897828
0.12 0.96 0.935885
0.12 0.98 0.974743
0.12 1 1.0144
0.14 0 0.0196
0.14 0.02 0.0199272
0.14 0.04 0.021055
0.14 0.06 0.0229836
0.14 0.08 0.0257134
0.14 0.1 0.0292446
0.14 0.12 0.0335775
0.14 0.14 0.0387122
0.14 0.16 0.0446492
0.14 0.18 0.0513886
0.14 0.2 0.0589306
0.14 0.22 0.0672755
0.14 0.24 0.0764235
0.14 0.26 0.0863747
0.14 0.28 0.0971294
0.14 0.3 0.108688
0.14 0.32 0.12105
0.14 0.34 0.134216
0.14 0.36 0.148186
0.14 0.38 0.16296
0.14 0.4 0.178538
0.14 0.42 0.194921
0.14 0.44 0.212107
0.14 0.46 0.230099
0.14 0.48 0.248894
0.14 0.5 0.268494
0.14 0.52 0.288899
0.14 0.54 0.310107
0.14 0.56 0.33212
0.14 0.58 0.354937
0.14 0.6 0.378559
0.14 0.62 0.402984
0.14 0.64 0.428213
0.14 0.66 0.454246
0.14 0.68 0.481083
0.14 0.7 0.508723
0.14 0.72 0.537166
0.14 0.74 0.566413
0.14 0.76 0.596462
0.14 0.78 0.627314
0.14 0.8 0.658969
0.14 0.82 0.691426
0.14 0.84 0.724685
0.14 0.86 0.758746
0.14 0.88 0.793608
0.14 0.9 0.829272
0.14 0.92 0.865736
0.14 0.94 0.903002
0.14 0.96 0.941068
0.14 0.98 0.979934
0.14 1 1.0196
0.16 0 0.0256
0.16 0.02 0.0259178
0.16 0.04 0.0270363
0.16 0.06 0.0289557
0.16 0.08 0.0316764
0.16 0.1 0.0351987
0.16 0.12 0.0395229
0.16 0.14 0.0446492
0.16 0.16 0.050578
0.16 0.18 0.0573096
0.16 0.2 0.0648441
0.16 0.22 0.0731819
0.16 0.24 0.0823232
0.16 0.26 0.0922681
0.16 0.28 0.103017
0.16 0.3 0.11457
0.16 0.32 0.126927
0.16 0.34 0.140089
0.16 0.36 0.154055
0.16 0.38 0.168825
0.16 0.4 0.184401
0.16 0.42 0.200781
0.16 0.44 0.217966
0.16 0.46 0.235956
0.16 0.48 0.254751
0.16 0.5 0.274351
0.16 0.52 0.294756
0.16 0.54 0.315966
0.16 0.56 0.337981
0.16 0.58 0.3608
0.16 0.6 0.384424
0.16 0.62 0.408853
0.16 0.64 0.434086
0.16 0.66 0.460123
0.16 0.68 0.486964
0.16 0.7 0.51461
0.16 0.72 0.543059
0.16 0.74 0.572311
0.16 0.76 0.602367
0.16 0.78 0.633226
0.16 0.8 0.664887
0.16 0.82 0.697352
0.16 0.84 0.730618
0.16 0.86 0.764687
0.16 0.88 0.799557
0.16 0.9 0.835229
0.16 0.92 0.871702
0.16 0.94 0.908976
0.16 0.96 0.94705
0.16 0.98 0.985925
0.16 1 1.0256
0.18 0 0.0324
0.18 0.02 0.0327088
0.18 0.04 0.0338182
0.18 0.06 0.0357288
0.18 0.08 0.0384408
0.18 0.1 0.0419545
0.18 0.12 0.0462703
0.18 0.14 0.0513886
0.18 0.16 0.0573096
0.18 0.18 0.0640336
0.18 0.2 0.0715609
0.18 0.22 0.0798919
0.18 0.24 0.0890267
0.18 0.26 0.0989655
0.18 0.28 0.109709
0.18 0.3 0.121256
0.18 0.32 0.133609
0.18 0.34 0.146766
0.18 0.36 0.160729
0.18 0.38 0.175496
0.18 0.4 0.191069
0.18 0.42 0.207447
0.18 0.44 0.224631
0.18 0.46 0.24262
0.18 0.48 0.261414
0.18 0.5 0.281014
0.18 0.52 0.301419
0.18 0.54 0.32263
0.18 0.56 0.344647
0.18 0.58 0.367468
0.18 0.6 0.391095
0.18 0.62 0.415526
0.18 0.64 0.440763
0.18 0.66 0.466804
0.18 0.68 0.49365
0.18 0.7 0.521301
0.18 0.72 0.549755
0.18 0.74 0.579013
0.18 0.76 0.609075
0.18 0.78 0.639941
0.18 0.8 0.671609
0.18 0.82 0.70408
0.18 0.84 0.737354
0.18 0.86 0.77143
0.18 0.88 0.806309
0.18 0.9 0.841988
0.18 0.92 0.878469
0.18 0.94 0.915751
0.18 0.96 0.953834
0.18 0.98 0.992717
0.18 1 1.0324
0.2 0 0.04
0.2 0.02 0.0403001
0.2 0.04 0.041401
0.2 0.06 0.0433031
0.2 0.08 0.0460067
0.2 0.1 0.0495123
0.2 0.12 0.0538201
0.2 0.14 0.0589306
0.2 0.16 0.0648441
0.2 0.18 0.0715609
0.2 0.2 0.0790814
0.2 0.22 0.0874058
0.2 0.24 0.0965344
0.2 0.26 0.106467
0.2 0.28 0.117205
0.2 0.3 0.128748
0.2 0.32 0.141096
0.2 0.34 0.154249
0.2 0.36 0.168208
0.2 0.38 0.182972
0.2 0.4 0.198543
0.2 0.42 0.214919
0.2 0.44 0.232101
0.2 0.46 0.250089
0.2 0.48 0.268883
0.2 0.5 0.288483
0.2 0.52 0.308889
0.2 0.54 0.3301
0.2 0.56 0.352118
0.2 0.58 0.374942
0.2 0.6 0.398571
0.2 0.62 0.423006
0.2 0.64 0.448246
0.2 0.66 0.474291
0.2 0.68 0.501141
0.2 0.7 0.528796
0.2 0.72 0.557256
0.2 0.74 0.58652
0.2 0.76 0.616588
0.2 0.78 0.647459
0.2 0.8 0.679134
0.2 0.82 0.711612
0.2 0.84 0.744893
0.2 0.86 0.778976
0.2 0.88 0.813862
0.2 0.9 0.849549
0.2 0.92 0.886038
0.2 0.94 0.923328
0.2 0.96 0.961418
0.2 0.98 1.00031
0.2 1 1.04
0.22 0 0.0484
0.22 0.02 0.0486919
0.22 0.04 0.0497846
0.22 0.06 0.0516786
0.22 0.08 0.0543743
0.22 0.1 0.0578721
0.22 0.12 0.0621724
0.22 0.14 0.0672755
0.22 0.16 0.0731819
0.22 0.18 0.0798919
0.22 0.2 0.0874058
0.22 0.22 0.0957239
0.22 0.24 0.104847
0.22 0.26 0.114774
0.22 0.28 0.125507
0.22 0.3 0.137045
0.22 0.32 0.149389
0.22 0.34 0.162538
0.22 0.36 0.176493
0.22 0.38 0.191255
0.22 0.4 0.206823
0.22 0.42 0.223197
0.22 0.44 0.240377
0.22 0.46 0.258364
0.22 0.48 0.277158
0.22 0.5 0.296758
0.22 0.52 0.317164
0.22 0.54 0.338377
0.22 0.56 0.360396
0.22 0.58 0.383222
0.22 0.6 0.406853
0.22 0.62 0.431291
0.22 0.64 0.456534
0.22 0.66 0.482583
0.22 0.68 0.509438
0.22 0.7 0.537097
0.22 0.72 0.565562
0.22 0.74 0.594831
0.22 0.76 0.624904
0.22 0.78 0.655782
0.22 0.8 0.687463
0.22 0.82 0.719947
0.22 0.84 0.753235
0.22 0.86 0.787325
0.22 0.88 0.822218
0.22 0.9 0.857912
0.22 0.92 0.894408
0.22 0.94 0.931705
0.22 0.96 0.969803
0.22 0.98 1.0087
0.22 1 1.0484
0.24 0 0.0576
0.24 0.02 0.0578841
0.24 0.04 0.0589692
0.24 0.06 0.0608556
0.24 0.08 0.0635438
0.24 0.1 0.0670342
0.24 0.12 0.0713273
0.24 0.14 0.0764235
0.24 0.16 0.0823232
0.24 0.18 0.0890267
0.24 0.2 0.0965344
0.24 0.22 0.104847
0.24 0.24 0.113964
0.24 0.26 0.123886
0.24 0.28 0.134614
0.24 0.3 0.146148
0.24 0.32 0.158487
0.24 0.34 0.171633
0.24 0.36 0.185585
0.24 0.38 0.200344
0.24 0.4 0.215909
0.24 0.42 0.232282
0.24 0.44 0.249461
0.24 0.46 0.267447
0.24 0.48 0.28624
0.24 0.5 0.30584
0.24 0.52 0.326247
0.24 0.54 0.347461
0.24 0.56 0.369481
0.24 0.58 0.392308
0.24 0.6 0.415942
0.24 0.62 0.440383
0.24 0.64 0.465629
0.24 0.66 0.491682
0.24 0.68 0.51854
0.24 0.7 0.546204
0.24 0.72 0.574673
0.24 0.74 0.603947
0.24 0.76 0.634025
0.24 0.78 0.664908
0.24 0.8 0.696595
0.24 0.82 0.729086
0.24 0.84 0.76238
0.24 0.86 0.796477
0.24 0.88 0.831376
0.24 0.9 0.867077
0.24 0.92 0.90358
0.24 0.94 0.940884
0.24 0.96 0.978989
0.24 0.98 1.01789
0.24 1 1.0576
0.26 0 0.0676
0.26 0.02 0.0678768
0.26 0.04 0.0689547
0.26 0.06 0.0708339
0.26 0.08 0.0735151
0.26 0.1 0.0769987
0.26 0.12 0.0812851
0.26 0.14 0.0863747
0.26 0.16 0.0922681
0.26 0.18 0.0989655
0.26 0.2 0.106467
0.26 0.22 0.114774
0.26 0.24 0.123886
0.26 0.26 0.133804
0.26 0.28 0.144527
0.26 0.3 0.156056
0.26 0.32 0.168392
0.26 0.34 0.181535
0.26 0.36 0.195484
0.26 0.38 0.21024
0.26 0.4 0.225803
0.26 0.42 0.242174
0.26 0.44 0.259352
0.26 0.46 0.277337
0.26 0.48 0.296129
0.26 0.5 0.315729
0.26 0.52 0.336137
0.26 0.54 0.357351
0.26 0.56 0.379373
0.26 0.58 0.402202
0.26 0.6 0.425838
0.26 0.62 0.450281
0.26 0.64 0.47553
0.26 0.66 0.501586
0.26 0.68 0.528448
0.26 0.7 0.556116
0.26 0.72 0.584589
0.26 0.74 0.613868
0.26 0.76 0.643952
0.26 0.78 0.67484
0.26 0.8 0.706532
0.26 0.82 0.739029
0.26 0.84 0.772328
0.26 0.86 0.806431
0.26 0.88 0.841337
0.26 0.9 0.877044
0.26 0.92 0.913554
0.26 0.94 0.950864
0.26 0.96 0.988976
0.26 0.98 1.02789
0.26 1 1.0676
0.28 0 0.0784
0.28 0.02 0.0786701
0.28 0.04 0.0797412
0.28 0.06 0.0816138
0.28 0.08 0.0842885
0.28 0.1 0.0877657
0.28 0.12 0.0920458
0.28 0.14 0.0971294
0.28 0.16 0.103017
0.28 0.18 0.109709
0.28 0.2 0.117205
0.28 0.22 0.125507
0.28 0.24 0.134614
0.28 0.26 0.144527
0.28 0.28 0.155246
0.28 0.3 0.166772
0.28 0.32 0.179104
0.28 0.34 0.192243
0.28 0.36 0.20619
0.28 0.38 0.220943
0.28 0.4 0.236505
0.28 0.42 0.252873
0.28 0.44 0.27005
0.28 0.46 0.288034
0.28 0.48 0.306827
0.28 0.5 0.326427
0.28 0.52 0.346834
0.28 0.54 0.36805
0.28 0.56 0.390073
0.28 0.58 0.412904
0.28 0.6 0.436541
0.28 0.62 0.460987
0.28 0.64 0.486239
0.28 0.66 0.512298
0.28 0.68 0.539163
0.28 0.7 0.566835
0.28 0.72 0.595312
0.28 0.74 0.624595
0.28 0.76 0.654683
0.28 0.78 0.685576
0.28 0.8 0.717274
0.28 0.82 0.749775
0.28 0.84 0.783081
0.28 0.86 0.817189
0.28 0.88 0.8521
0.28 0.9 0.887814
0.28 0.92 0.924329
0.28 0.94 0.961646
0.28 0.96 0.999764
0.28 0.98 1.03868
0.28 1 1.0784
0.3 0 0.09
0.3 0.02 0.0902639
0.3 0.04 0.0913288
0.3 0.06 0.0931953
0.3 0.08 0.095864
0.3 0.1 0.0993353
0.3 0.12 0.10361
0.3 0.14 0.108688
0.3 0.16 0.11457
0.3 0.18 0.121256
0.3 0.2 0.128748
0.3 0.22 0.137045
0.3 0.24 0.146148
0.3 0.26 0.156056
0.3 0.28 0.166772
0.3 0.3 0.178294
0.3 0.32 0.190623
0.3 0.34 0.203759
0.3 0.36 0.217703
0.3 0.38 0.232454
0.3 0.4 0.248014
0.3 0.42 0.264381
0.3 0.44 0.281557
0.3 0.46 0.29954
0.3 0.48 0.318332
0.3 0.5 0.337932
0.3 0.52 0.35834
0.3 0.54 0.379556
0.3 0.56 0.401581
0.3 0.58 0.424413
0.3 0.6 0.448052
0.3 0.62 0.4725
0.3 0.64 0.497754
0.3 0.66 0.523816
0.3 0.68 0.550685
0.3 0.7 0.57836
0.3 0.72 0.606841
0.3 0.74 0.636128
0.3 0.76 0.66622
0.3 0.78 0.697118
0.3 0.8 0.72882
0.3 0.82 0.761326
0.3 0.84 0.794637
0.3 0.86 0.82875
0.3 0.88 0.863667
0.3 0.9 0.899386
0.3 0.92 0.935907
0.3 0.94 0.973229
0.3 0.96 1.01135
0.3 0.98 1.05028
0.3 1 1.09
0.32 0 0.1024
0.32 0.02 0.102658
0.32 0.04 0.103718
0.32 0.06 0.105579
0.32 0.08 0.108242
0.32 0.1 0.111708
0.32 0.12 0.115977
0.32 0.14 0.12105
0.32 0.16 0.126927
0.32 0.18 0.133609
0.32 0.2 0.141096
0.32 0.22 0.149389
0.32 0.24 0.158487
0.32 0.26 0.168392
0.32 0.28 0.179104
0.32 0.3 0.190623
0.32 0.32 0.202949
0.32 0.34 0.216082
0.32 0.36 0.230024
0.32 0.38 0.244773
0.32 0.4 0.260331
0.32 0.42 0.276697
0.32 0.44 0.293872
0.32 0.46 0.311855
0.32 0.48 0.330646
0.32 0.5 0.350246
0.32 0.52 0.370654
0.32 0.54 0.391871
0.32 0.56 0.413897
0.32 0.58 0.43673
0.32 0.6 0.460371
0.32 0.62 0.484821
0.32 0.64 0.510078
0.32 0.66 0.536142
0.32 0.68 0.563013
0.32 0.7 0.590691
0.32 0.72 0.619176
0.32 0.74 0.648466
0.32 0.76 0.678563
0.32 0.78 0.709464
0.32 0.8 0.741171
0.32 0.82 0.773682
0.32 0.84 0.806996
0.32 0.86 0.841115
0.32 0.88 0.876036
0.32 0.9 0.91176
0.32 0.92 0.948286
0.32 0.94 0.985613
0.32 0.96 1.02374
0.32 0.98 1.06267
0.32 1 1.1024
0.34 0 0.1156
0.34 0.02 0.115853
0.34 0.04 0.116907
0.34 0.06 0.118763
0.34 0.08 0.121422
0.34 0.1 0.124883
0.34 0.12 0.129147
0.34 0.14 0.134216
0.34 0.16 0.140089
0.34 0.18 0.146766
0.34 0.2 0.154249
0.34 0.22 0.162538
0.34 0.24 0.171633
0.34 0.26 0.181535
0.34 0.28 0.192243
0.34 0.3 0.203759
0.34 0.32 0.216082
0.34 0.34 0.229214
0.34 0.36 0.243153
0.34 0.38 0.257901
0.34 0.4 0.273457
0.34 0.42 0.289822
0.34 0.44 0.306995
0.34 0.46 0.324978
0.34 0.48 0.343769
0.34 0.5 0.363369
0.34 0.52 0.383778
0.34 0.54 0.404995
0.34 0.56 0.427021
0.34 0.58 0.449856
0.34 0.6 0.473499
0.34 0.62 0.49795
0.34 0.64 0.523209
0.34 0.66 0.549275
0.34 0.68 0.576149
0.34 0.7 0.60383
0.34 0.72 0.632318
0.34 0.74 0.661611
0.34 0.76 0.691711
0.34 0.78 0.722616
0.34 0.8 0.754327
0.34 0.82 0.786842
0.34 0.84 0.82016
0.34 0.86 0.854283
0.34 0.88 0.889209
0.34 0.9 0.924937
0.34 0.92 0.961468
0.34 0.94 0.9988
0.34 0.96 1.03693
0.34 0.98 1.07587
0.34 1 1.1156
0.36 0 0.1296
0.36 0.02 0.129849
0.36 0.04 0.130898
0.36 0.06 0.13275
0.36 0.08 0.135404
0.36 0.1 0.138861
0.36 0.12 0.143121
0.36 0.14 0.148186
0.36 0.16 0.154055
0.36 0.18 0.160729
0.36 0.2 0.168208
0.36 0.22 0.176493
0.36 0.24 0.185585
0.36 0.26 0.195484
0.36 0.28 0.20619
0.36 0.3 0.217703
0.36 0.32 0.230024
0.36 0.34 0.243153
0.36 0.36 0.257091
0.36 0.38 0.271837
0.36 0.4 0.287392
0.36 0.42 0.303755
0.36 0.44 0.320928
0.36 0.46 0.33891
0.36 0.48 0.357701
0.36 0.5 0.377301
0.36 0.52 0.39771
0.36 0.54 0.418928
0.36 0.56 0.440955
0.36 0.58 0.46379
0.36 0.6 0.487435
0.36 0.62 0.511887
0.36 0.64 0.537148
0.36 0.66 0.563217
0.36 0.68 0.590093
0.36 0.7 0.617776
0.36 0.72 0.646266
0.36 0.74 0.675563
0.36 0.76 0.705666
0.36 0.78 0.736574
0.36 0.8 0.768288
0.36 0.82 0.800806
0.36 0.84 0.834129
0.36 0.86 0.868255
0.36 0.88 0.903185
0.36 0.9 0.938917
0.36 0.92 0.975451
0.36 0.94 1.01279
0.36 0.96 1.05092
0.36 0.98 1.08986
0.36 1 1.1296
0.38 0 0.1444
0.38 0.02 0.144645
0.38 0.04 0.145691
0.38 0.06 0.147539
0.38 0.08 0.150189
0.38 0.1 0.153642
0.38 0.12 0.157899
0.38 0.14 0.16296
0.38 0.16 0.168825
0.38 0.18 0.175496
0.38 0.2 0.182972
0.38 0.22 0.191255
0.38 0.24 0.200344
0.38 0.26 0.21024
0.38 0.28 0.220943
0.38 0.3 0.232454
0.38 0.32 0.244773
0.38 0.34 0.257901
0.38 0.36 0.271837
0.38 0.38 0.286581
0.38 0.4 0.302135
0.38 0.42 0.318498
0.38 0.44 0.33567
0.38 0.46 0.353651
0.38 0.48 0.372442
0.38 0.5 0.392042
0.38 0.52 0.412451
0.38 0.54 0.43367
0.38 0.56 0.455697
0.38 0.58 0.478534
0.38 0.6 0.502179
0.38 0.62 0.526633
0.38 0.64 0.551896
0.38 0.66 0.577966
0.38 0.68 0.604844
0.38 0.7 0.632529
0.38 0.72 0.661022
0.38 0.74 0.690321
0.38 0.76 0.720427
0.38 0.78 0.751338
0.38 0.8 0.783054
0.38 0.82 0.815576
0.38 0.84 0.848901
0.38 0.86 0.883031
0.38 0.88 0.917964
0.38 0.9 0.953699
0.38 0.92 0.990237
0.38 0.94 1.02758
0.38 0.96 1.06572
0.38 0.98 1.10466
0.38 1 1.1444
0.4 0 0.16
0.4 0.02 0.160242
0.4 0.04 0.161284
0.4 0.06 0.163129
0.4 0.08 0.165776
0.4 0.1 0.169226
0.4 0.12 0.17348
0.4 0.14 0.178538
0.4 0.16 0.184401
0.4 0.18 0.191069
0.4 0.2 0.198543
0.4 0.22 0.206823
0.4 0.24 0.215909
0.4 0.26 0.225803
0.4 0.28 0.236505
0.4 0.3 0.248014
0.4 0.32 0.260331
0.4 0.34 0.273457
0.4 0.36 0.287392
0.4 0.38 0.302135
0.4 0.4 0.317688
0.4 0.42 0.33405
0.4 0.44 0.351221
0.4 0.46 0.369202
0.4 0.48 0.387993
0.4 0.5 0.407593
0.4 0.52 0.428002
0.4 0.54 0.449221
0.4 0.56 0.471249
0.4 0.58 0.494087
0.4 0.6 0.517733
0.4 0.62 0.542188
0.4 0.64 0.567452
0.4 0.66 0.593523
0.4 0.68 0.620403
0.4 0.7 0.64809
0.4 0.72 0.676585
0.4 0.74 0.705886
0.4 0.76 0.735994
0.4 0.78 0.766907
0.4 0.8 0.798626
0.4 0.82 0.83115
0.4 0.84 0.864478
0.4 0.86 0.898611
0.4 0.88 0.933546
0.4 0.9 0.969285
0.4 0.92 1.00583
0.4 0.94 1.04317
0.4 0.96 1.08131
0.4 0.98 1.12026
0.4 1 1.16
0.42 0 0.1764
0.42 0.02 0.176639
0.42 0.04 0.177679
0.42 0.06 0.179521
0.42 0.08 0.182166
0.42 0.1 0.185614
0.42 0.12 0.189865
0.42 0.14 0.194921
0.42 0.16 0.200781
0.42 0.18 0.207447
0.42 0.2 0.214919
0.42 0.22 0.223197
0.42 0.24 0.232282
0.42 0.26 0.242174
0.42 0.28 0.252873
0.42 0.3 0.264381
0.42 0.32 0.276697
0.42 0.34 0.289822
0.42 0.36 0.303755
0.42 0.38 0.318498
0.42 0.4 0.33405
0.42 0.42 0.350411
0.42 0.44 0.367582
0.42 0.46 0.385563
0.42 0.48 0.404353
0.42 0.5 0.423953
0.42 0.52 0.444363
0.42 0.54 0.465582
0.42 0.56 0.487611
0.42 0.58 0.510449
0.42 0.6 0.534096
0.42 0.62 0.558552
0.42 0.64 0.583816
0.42 0.66 0.609889
0.42 0.68 0.63677
0.42 0.7 0.664459
0.42 0.72 0.692955
0.42 0.74 0.722258
0.42 0.76 0.752367
0.42 0.78 0.783283
0.42 0.8 0.815004
0.42 0.82 0.84753
0.42 0.84 0.88086
0.42 0.86 0.914994
0.42 0.88 0.949932
0.42 0.9 0.985673
0.42 0.92 1.02222
0.42 0.94 1.05956
0.42 0.96 1.09771
0.42 0.98 1.13665
0.42 1 1.1764
0.44 0 0.1936
0.44 0.02 0.193837
0.44 0.04 0.194875
0.44 0.06 0.196715
0.44 0.08 0.199358
0.44 0.1 0.202804
0.44 0.12 0.207054
0.44 0.14 0.212107
0.44 0.16 0.217966
0.44 0.18 0.224631
0.44 0.2 0.232101
0.44 0.22 0.240377
0.44 0.24 0.249461
0.44 0.26 0.259352
0.44 0.28 0.27005
0.44 0.3 0.281557
0.44 0.32 0.293872
0.44 0.34 0.306995
0.44 0.36 0.320928
0.44 0.38 0.33567
0.44 0.4 0.351221
0.44 0.42 0.367582
0.44 0.44 0.384753
0.44 0.46 0.402733
0.44 0.48 0.421523
0.44 0.5 0.441123
0.44 0.52 0.461533
0.44 0.54 0.482753
0.44 0.56 0.504782
0.44 0.58 0.52762
0.44 0.6 0.551268
0.44 0.62 0.575724
0.44 0.64 0.60099
0.44 0.66 0.627064
0.44 0.68 0.653946
0.44 0.7 0.681635
0.44 0.72 0.710133
0.44 0.74 0.739437
0.44 0.76 0.769548
0.44 0.78 0.800464
0.44 0.8 0.832187
0.44 0.82 0.864714
0.44 0.84 0.898046
0.44 0.86 0.932182
0.44 0.88 0.967122
0.44 0.9 1.00286
0.44 0.92 1.03941
0.44 0.94 1.07676
0.44 0.96 1.1149
0.44 0.98 1.15385
0.44 1 1.1936
0.46 0 0.2116
0.46 0.02 0.211836
0.46 0.04 0.212873
0.46 0.06 0.214711
0.46 0.08 0.217353
0.46 0.1 0.220798
0.46 0.12 0.225046
0.46 0.14 0.230099
0.46 0.16 0.235956
0.46 0.18 0.24262
0.46 0.2 0.250089
0.46 0.22 0.258364
0.46 0.24 0.267447
0.46 0.26 0.277337
0.46 0.28 0.288034
0.46 0.3 0.29954
0.46 0.32 0.311855
0.46 0.34 0.324978
0.46 0.36 0.33891
0.46 0.38 0.353651
0.46 0.4 0.369202
0.46 0.42 0.385563
0.46 0.44 0.402733
0.46 0.46 0.420713
0.46 0.48 0.439504
0.46 0.5 0.459104
0.46 0.52 0.479513
0.46 0.54 0.500733
0.46 0.56 0.522762
0.46 0.58 0.545601
0.46 0.6 0.569249
0.46 0.62 0.593706
0.46 0.64 0.618972
0.46 0.66 0.645047
0.46 0.68 0.671929
0.46 0.7 0.69962
0.46 0.72 0.728118
0.46 0.74 0.757423
0.46 0.76 0.787534
0.46 0.78 0.818452
0.46 0.8 0.850175
0.46 0.82 0.882704
0.46 0.84 0.916037
0.46 0.86 0.950174
0.46 0.88 0.985115
0.46 0.9 1.02086
0.46 0.92 1.0574
0.46 0.94 1.09475
0.46 0.96 1.1329
0.46 0.98 1.17185
0.46 1 1.2116
0.48 0 0.2304
0.48 0.02 0.230635
0.48 0.04 0.231671
0.48 0.06 0.23351
0.48 0.08 0.23615
0.48 0.1 0.239594
0.48 0.12 0.243842
0.48 0.14 0.248894
0.48 0.16 0.254751
0.48 0.18 0.261414
0.48 0.2 0.268883
0.48 0.22 0.277158
0.48 0.24 0.28624
0.48 0.26 0.296129
0.48 0.28 0.306827
0.48 0.3 0.318332
0.48 0.32 0.330646
0.48 0.34 0.343769
0.48 0.36 0.357701
0.48 0.38 0.372442
0.48 0.4 0.387993
0.48 0.42 0.404353
0.48 0.44 0.421523
0.48 0.46 0.439504
0.48 0.48 0.458294
0.48 0.5 0.477894
0.48 0.52 0.498303
0.48 0.54 0.519523
0.48 0.56 0.541553
0.48 0.58 0.564391
0.48 0.6 0.58804
0.48 0.62 0.612497
0.48 0.64 0.637763
0.48 0.66 0.663838
0.48 0.68 0.690721
0.48 0.7 0.718412
0.48 0.72 0.74691
0.48 0.74 0.776216
0.48 0.76 0.806328
0.48 0.78 0.837246
0.48 0.8 0.86897
0.48 0.82 0.901499
0.48 0.84 0.934832
0.48 0.86 0.96897
0.48 0.88 1.00391
0.48 0.9 1.03966
0.48 0.92 1.0762
0.48 0.94 1.11355
0.48 0.96 1.1517
0.48 0.98 1.19065
0.48 1 1.2304
0.5 0 0.25
0.5 0.02 0.250235
0.5 0.04 0.251271
0.5 0.06 0.25311
0.5 0.08 0.25575
0.5 0.1 0.259194
0.5 0.12 0.263442
0.5 0.14 0.268494
0.5 0.16 0.274351
0.5 0.18 0.281014
0.5 0.2 0.288483
0.5 0.22 0.296758
0.5 0.24 0.30584
0.5 0.26 0.315729
0.5 0.28 0.326427
0.5 0.3 0.337932
0.5 0.32 0.350246
0.5 0.34 0.363369
0.5 0.36 0.377301
0.5 0.38 0.392042
0.5 0.4 0.407593
0.5 0.42 0.423953
0.5 0.44 0.441123
0.5 0.46 0.459104
0.5 0.48 0.477894
0.5 0.5 0.497494
0.5 0.52 0.517903
0.5 0.54 0.539123
0.5 0.56 0.561152
0.5 0.58 0.583991
0.5 0.6 0.60764
0.5 0.62 0.632097
0.5 0.64 0.657363
0.5 0.66 0.683438
0.5 0.68 0.710321
0.5 0.7 0.738012
0.5 0.72 0.76651
0.5 0.74 0.795816
0.5 0.76 0.825928
0.5 0.78 0.856846
0.5 0.8 0.88857
0.5 0.82 0.921099
0.5 0.84 0.954432
0.5 0.86 0.98857
0.5 0.88 1.02351
0.5 0.9 1.05926
0.5 0.92 1.0958
0.5 0.94 1.13315
0.5 0.96 1.1713
0.5 0.98 1.21025
0.5 1 1.25
0.52 0 0.2704
0.52 0.02 0.270636
0.52 0.04 0.271673
0.52 0.06 0.273511
0.52 0.08 0.276153
0.52 0.1 0.279598
0.52 0.12 0.283846
0.52 0.14 0.288899
0.52 0.16 0.294756
0.52 0.18 0.301419
0.52 0.2 0.308889
0.52 0.22 0.317164
0.52 0.24 0.326247
0.52 0.26 0.336137
0.52 0.28 0.346834
0.52 0.3 0.35834
0.52 0.32 0.370654
0.52 0.34 0.383778
0.52 0.36 0.39771
0.52 0.38 0.412451
0.52 0.4 0.428002
0.52 0.42 0.444363
0.52 0.44 0.461533
0.52 0.46 0.479513
0.52 0.48 0.498303
0.52 0.5 0.517903
0.52 0.52 0.538313
0.52 0.54 0.559533
0.52 0.56 0.581562
0.52 0.58 0.604401
0.52 0.6 0.628049
0.52 0.62 0.652506
0.52 0.64 0.677772
0.52 0.66 0.703846
0.52 0.68 0.730729
0.52 0.7 0.75842
0.52 0.72 0.786918
0.52 0.74 0.816223
0.52 0.76 0.846334
0.52 0.78 0.877252
0.52 0.8 0.908975
0.52 0.82 0.941504
0.52 0.84 0.974837
0.52 0.86 1.00897
0.52 0.88 1.04391
0.52 0.9 1.07966
0.52 0.92 1.1162
0.52 0.94 1.15355
0.52 0.96 1.1917
0.52 0.98 1.23065
0.52 1 1.2704
0.54 0 0.2916
0.54 0.02 0.291837
0.54 0.04 0.292875
0.54 0.06 0.294715
0.54 0.08 0.297358
0.54 0.1 0.300804
0.54 0.12 0.305053
0.54 0.14 0.310107
0.54 0.16 0.315966
0.54 0.18 0.32263
0.54 0.2 0.3301
0.54 0.22 0.338377
0.54 0.24 0.347461
0.54 0.26 0.357351
0.54 0.28 0.36805
0.54 0.3 0.379556
0.54 0.32 0.391871
0.54 0.34 0.404995
0.54 0.36 0.418928
0.54 0.38 0.43367
0.54 0.4 0.449221
0.54 0.42 0.465582
0.54 0.44 0.482753
0.54 0.46 0.500733
0.54 0.48 0.519523
0.54 0.5 0.539123
0.54 0.52 0.559533
0.54 0.54 0.580752
0.54 0.56 0.602781
0.54 0.58 0.62562
0.54 0.6 0.649267
0.54 0.62 0.673724
0.54 0.64 0.69899
0.54 0.66 0.725063
0.54 0.68 0.751945
0.54 0.7 0.779635
0.54 0.72 0.808132
0.54 0.74 0.837437
0.54 0.76 0.867547
0.54 0.78 0.898464
0.54 0.8 0.930187
0.54 0.82 0.962714
0.54 0.84 0.996046
0.54 0.86 1.03018
0.54 0.88 1.06512
0.54 0.9 1.10086
0.54 0.92 1.13741
0.54 0.94 1.17476
0.54 0.96 1.2129
0.54 0.98 1.25185
0.54 1 1.2916
0.56 0 0.3136
0.56 0.02 0.313839
0.56 0.04 0.314879
0.56 0.06 0.316721
0.56 0.08 0.319366
0.56 0.1 0.322813
0.56 0.12 0.327065
0.56 0.14 0.33212
0.56 0.16 0.337981
0.56 0.18 0.344647
0.56 0.2 0.352118
0.56 0.22 0.360396
0.56 0.24 0.369481
0.56 0.26 0.379373
0.56 0.28 0.390073
0.56 0.3 0.401581
0.56 0.32 0.413897
0.56 0.34 0.427021
0.56 0.36 0.440955
0.56 0.38 0.455697
0.56 0.4 0.471249
0.56 0.42 0.487611
0.56 0.44 0.504782
0.56 0.46 0.522762
0.56 0.48 0.541553
0.56 0.5 0.561152
0.56 0.52 0.581562
0.56 0.54 0.602781
0.56 0.56 0.62481
0.56 0.58 0.647648
0.56 0.6 0.671295
0.56 0.62 0.695751
0.56 0.64 0.721016
0.56 0.66 0.747089
0.56 0.68 0.77397
0.56 0.7 0.801659
0.56 0.72 0.830155
0.56 0.74 0.859458
0.56 0.76 0.889567
0.56 0.78 0.920482
0.56 0.8 0.952203
0.56 0.82 0.984729
0.56 0.84 1.01806
0.56 0.86 1.05219
0.56 0.88 1.08713
0.56 0.9 1.12287
0.56 0.92 1.15942
0.56 0.94 1.19676
0.56 0.96 1.23491
0.56 0.98 1.27385
0.56 1 1.3136
0.58 0 0.3364
0.58 0.02 0.336641
0.58 0.04 0.337684
0.58 0.06 0.339529
0.58 0.08 0.342176
0.58 0.1 0.345626
0.58 0.12 0.34988
0.58 0.14 0.354937
0.58 0.16 0.3608
0.58 0.18 0.367468
0.58 0.2 0.374942
0.58 0.22 0.383222
0.58 0.24 0.392308
0.58 0.26 0.402202
0.58 0.28 0.412904
0.58 0.3 0.424413
0.58 0.32 0.43673
0.58 0.34 0.449856
0.58 0.36 0.46379
0.58 0.38 0.478534
0.58 0.4 0.494087
0.58 0.42 0.510449
0.58 0.44 0.52762
0.58 0.46 0.545601
0.58 0.48 0.564391
0.58 0.5 0.583991
0.58 0.52 0.604401
0.58 0.54 0.62562
0.58 0.56 0.647648
0.58 0.58 0.670485
0.58 0.6 0.694132
0.58 0.62 0.718587
0.58 0.64 0.74385
0.58 0.66 0.769922
0.58 0.68 0.796802
0.58 0.7 0.824489
0.58 0.72 0.852984
0.58 0.74 0.882285
0.58 0.76 0.912393
0.58 0.78 0.943306
0.58 0.8 0.975025
0.58 0.82 1.00755
0.58 0.84 1.04088
0.58 0.86 1.07501
0.58 0.88 1.10995
0.58 0.9 1.14568
0.58 0.92 1.18223
0.58 0.94 1.21957
0.58 0.96 1.25771
0.58 0.98 1.29666
0.58 1 1.3364
0.6 0 0.36
0.6 0.02 0.360245
0.6 0.04 0.36129
0.6 0.06 0.363138
0.6 0.08 0.365788
0.6 0.1 0.369241
0.6 0.12 0.373498
0.6 0.14 0.378559
0.6 0.16 0.384424
0.6 0.18 0.391095
0.6 0.2 0.398571
0.6 0.22 0.406853
0.6 0.24 0.415942
0.6 0.26 0.425838
0.6 0.28 0.436541
0.6 0.3 0.448052
0.6 0.32 0.460371
0.6 0.34 0.473499
0.6 0.36 0.487435
0.6 0.38 0.502179
0.6 0.4 0.517733
0.6 0.42 0.534096
0.6 0.44 0.551268
0.6 0.46 0.569249
0.6 0.48 0.58804
0.6 0.5 0.60764
0.6 0.52 0.628049
0.6 0.54 0.649267
0.6 0.56 0.671295
0.6 0.58 0.694132
0.6 0.6 0.717777
0.6 0.62 0.742231
0.6 0.64 0.767493
0.6 0.66 0.793564
0.6 0.68 0.820442
0.6 0.7 0.848128
0.6 0.72 0.87662
0.6 0.74 0.90592
0.6 0.76 0.936025
0.6 0.78 0.966936
0.6 0.8 0.998653
0.6 0.82 1.03117
0.6 0.84 1.0645
0.6 0.86 1.09863
0.6 0.88 1.13356
0.6 0.9 1.1693
0.6 0.92 1.20584
0.6 0.94 1.24318
0.6 0.96 1.28132
0.6 0.98 1.32026
0.6 1 1.36
0.62 0 0.3844
0.62 0.02 0.384648
0.62 0.04 0.385698
0.62 0.06 0.387549
0.62 0.08 0.390203
0.62 0.1 0.39366
0.62 0.12 0.39792
0.62 0.14 0.402984
0.62 0.16 0.408853
0.62 0.18 0.415526
0.62 0.2 0.423006
0.62 0.22 0.431291
0.62 0.24 0.440383
0.62 0.26 0.450281
0.62 0.28 0.460987
0.62 0.3 0.4725
0.62 0.32 0.484821
0.62 0.34 0.49795
0.62 0.36 0.511887
0.62 0.38 0.526633
0.62 0.4 0.542188
0.62 0.42 0.558552
0.62 0.44 0.575724
0.62 0.46 0.593706
0.62 0.48 0.612497
0.62 0.5 0.632097
0.62 0.52 0.652506
0.62 0.54 0.673724
0.62 0.56 0.695751
0.62 0.58 0.718587
0.62 0.6 0.742231
0.62 0.62 0.766684
0.62 0.64 0.791945
0.62 0.66 0.818013
0.62 0.68 0.84489
0.62 0.7 0.872573
0.62 0.72 0.901064
0.62 0.74 0.93036
0.62 0.76 0.960463
0.62 0.78 0.991372
0.62 0.8 1.02309
0.62 0.82 1.0556
0.62 0.84 1.08893
0.62 0.86 1.12305
0.62 0.88 1.15798
0.62 0.9 1.19372
0.62 0.92 1.23025
0.62 0.94 1.26759
0.62 0.96 1.30572
0.62 0.98 1.34466
0.62 1 1.3844
0.64 0 0.4096
0.64 0.02 0.409853
0.64 0.04 0.410907
0.64 0.06 0.412762
0.64 0.08 0.41542
0.64 0.1 0.418881
0.64 0.12 0.423145
0.64 0.14 0.428213
0.64 0.16 0.434086
0.64 0.18 0.440763
0.64 0.2 0.448246
0.64 0.22 0.456534
0.64 0.24 0.465629
0.64 0.26 0.47553
0.64 0.28 0.486239
0.64 0.3 0.497754
0.64 0.32 0.510078
0.64 0.34 0.523209
0.64 0.36 0.537148
0.64 0.38 0.551896
0.64 0.4 0.567452
0.64 0.42 0.583816
0.64 0.44 0.60099
0.64 0.46 0.618972
0.64 0.48 0.637763
0.64 0.5 0.657363
0.64 0.52 0.677772
0.64 0.54 0.69899
0.64 0.56 0.721016
0.64 0.58 0.74385
0.64 0.6 0.767493
0.64 0.62 0.791945
0.64 0.64 0.817204
0.64 0.66 0.84327
0.64 0.68 0.870145
0.64 0.7 0.897826
0.64 0.72 0.926313
0.64 0.74 0.955608
0.64 0.76 0.985707
0.64 0.78 1.01661
0.64 0.8 1.04832
0.64 0.82 1.08084
0.64 0.84 1.11416
0.64 0.86 1.14828
0.64 0.88 1.18321
0.64 0.9 1.21894
0.64 0.92 1.25547
0.64 0.94 1.2928
0.64 0.96 1.33093
0.64 0.98 1.36987
0.64 1 1.4096
0.66 0 0.4356
0.66 0.02 0.435858
0.66 0.04 0.436916
0.66 0.06 0.438777
0.66 0.08 0.44144
0.66 0.1 0.444905
0.66 0.12 0.449174
0.66 0.14 0.454246
0.66 0.16 0.460123
0.66 0.18 0.466804
0.66 0.2 0.474291
0.66 0.22 0.482583
0.66 0.24 0.491682
0.66 0.26 0.501586
0.66 0.28 0.512298
0.66 0.3 0.523816
0.66 0.32 0.536142
0.66 0.34 0.549275
0.66 0.36 0.563217
0.66 0.38 0.577966
0.66 0.4 0.593523
0.66 0.42 0.609889
0.66 0.44 0.627064
0.66 0.46 0.645047
0.66 0.48 0.663838
0.66 0.5 0.683438
0.66 0.52 0.703846
0.66 0.54 0.725063
0.66 0.56 0.747089
0.66 0.58 0.769922
0.66 0.6 0.793564
0.66 0.62 0.818013
0.66 0.64 0.84327
0.66 0.66 0.869335
0.66 0.68 0.896207
0.66 0.7 0.923885
0.66 0.72 0.95237
0.66 0.74 0.981661
0.66 0.76 1.01176
0.66 0.78 1.04266
0.66 0.8 1.07437
0.66 0.82 1.10688
0.66 0.84 1.14019
0.66 0.86 1.17431
0.66 0.88 1.20923
0.66 0.9 1.24496
0.66 0.92 1.28148
0.66 0.94 1.31881
0.66 0.96 1.35694
0.66 0.98 1.39587
0.66 1 1.4356
0.68 0 0.4624
0.68 0.02 0.462663
0.68 0.04 0.463727
0.68 0.06 0.465593
0.68 0.08 0.468261
0.68 0.1 0.471732
0.68 0.12 0.476005
0.68 0.14 0.481083
0.68 0.16 0.486964
0.68 0.18 0.49365
0.68 0.2 0.501141
0.68 0.22 0.509438
0.68 0.24 0.51854
0.68 0.26 0.528448
0.68 0.28 0.539163
0.68 0.3 0.550685
0.68 0.32 0.563013
0.68 0.34 0.576149
0.68 0.36 0.590093
0.68 0.38 0.604844
0.68 0.4 0.620403
0.68 0.42 0.63677
0.68 0.44 0.653946
0.68 0.46 0.671929
0.68 0.48 0.690721
0.68 0.5 0.710321
0.68 0.52 0.730729
0.68 0.54 0.751945
0.68 0.56 0.77397
0.68 0.58 0.796802
0.68 0.6 0.820442
0.68 0.62 0.84489
0.68 0.64 0.870145
0.68 0.66 0.896207
0.68 0.68 0.923075
0.68 0.7 0.950751
0.68 0.72 0.979232
0.68 0.74 1.00852
0.68 0.76 1.03861
0.68 0.78 1.06951
0.68 0.8 1.10121
0.68 0.82 1.13372
0.68 0.84 1.16703
0.68 0.86 1.20115
0.68 0.88 1.23606
0.68 0.9 1.27178
0.68 0.92 1.3083
0.68 0.94 1.34563
0.68 0.96 1.38375
0.68 0.98 1.42268
0.68 1 1.4624
0.7 0 0.49
0.7 0.02 0.490269
0.7 0.04 0.491339
0.7 0.06 0.493211
0.7 0.08 0.495885
0.7 0.1 0.499361
0.7 0.12 0.50364
0.7 0.14 0.508723
0.7 0.16 0.51461
0.7 0.18 0.521301
0.7 0.2 0.528796
0.7 0.22 0.537097
0.7 0.24 0.546204
0.7 0.26 0.556116
0.7 0.28 0.566835
0.7 0.3 0.57836
0.7 0.32 0.590691
0.7 0.34 0.60383
0.7 0.36 0.617776
0.7 0.38 0.632529
0.7 0.4 0.64809
0.7 0.42 0.664459
0.7 0.44 0.681635
0.7 0.46 0.69962
0.7 0.48 0.718412
0.7 0.5 0.738012
0.7 0.52 0.75842
0.7 0.54 0.779635
0.7 0.56 0.801659
0.7 0.58 0.824489
0.7 0.6 0.848128
0.7 0.62 0.872573
0.7 0.64 0.897826
0.7 0.66 0.923885
0.7 0.68 0.950751
0.7 0.7 0.978423
0.7 0.72 1.0069
0.7 0.74 1.03618
0.7 0.76 1.06627
0.7 0.78 1.09717
0.7 0.8 1.12887
0.7 0.82 1.16137
0.7 0.84 1.19467
0.7 0.86 1.22878
0.7 0.88 1.26369
0.7 0.9 1.29941
0.7 0.92 1.33593
0.7 0.94 1.37324
0.7 0.96 1.41136
0.7 0.98 1.45028
0.7 1 1.49
0.72 0 0.5184
0.72 0.02 0.518676
0.72 0.04 0.519752
0.72 0.06 0.52163
0.72 0.08 0.52431
0.72 0.1 0.527793
0.72 0.12 0.532078
0.72 0.14 0.537166
0.72 0.16 0.543059
0.72 0.18 0.549755
0.72 0.2 0.557256
0.72 0.22 0.565562
0.72 0.24 0.574673
0.72 0.26 0.584589
0.72 0.28 0.595312
0.72 0.3 0.606841
0.72 0.32 0.619176
0.72 0.34 0.632318
0.72 0.36 0.646266
0.72 0.38 0.661022
0.72 0.4 0.676585
0.72 0.42 0.692955
0.72 0.44 0.710133
0.72 0.46 0.728118
0.72 0.48 0.74691
0.72 0.5 0.76651
0.72 0.52 0.786918
0.72 0.54 0.808132
0.72 0.56 0.830155
0.72 0.58 0.852984
0.72 0.6 0.87662
0.72 0.62 0.901064
0.72 0.64 0.926313
0.72 0.66 0.95237
0.72 0.68 0.979232
0.72 0.7 1.0069
0.72 0.72 1.03538
0.72 0.74 1.06465
0.72 0.76 1.09474
0.72 0.78 1.12563
0.72 0.8 1.15732
0.72 0.82 1.18982
0.72 0.84 1.22312
0.72 0.86 1.25722
0.72 0.88 1.29213
0.72 0.9 1.32784
0.72 0.92 1.36435
0.72 0.94 1.40166
0.72 0.96 1.43977
0.72 0.98 1.47869
0.72 1 1.5184
0.74 0 0.5476
0.74 0.02 0.547883
0.74 0.04 0.548966
0.74 0.06 0.550851
0.74 0.08 0.553537
0.74 0.1 0.557026
0.74 0.12 0.561318
0.74 0.14 0.566413
0.74 0.16 0.572311
0.74 0.18 0.579013
0.74 0.2 0.58652
0.74 0.22 0.594831
0.74 0.24 0.603947
0.74 0.26 0.613868
0.74 0.28 0.624595
0.74 0.3 0.636128
0.74 0.32 0.648466
0.74 0.34 0.661611
0.74 0.36 0.675563
0.74 0.38 0.690321
0.74 0.4 0.705886
0.74 0.42 0.722258
0.74 0.44 0.739437
0.74 0.46 0.757423
0.74 0.48 0.776216
0.74 0.5 0.795816
0.74 0.52 0.816223
0.74 0.54 0.837437
0.74 0.56 0.859458
0.74 0.58 0.882285
0.74 0.6 0.90592
0.74 0.62 0.93036
0.74 0.64 0.955608
0.74 0.66 0.981661
0.74 0.68 1.00852
0.74 0.7 1.03618
0.74 0.72 1.06465
0.74 0.74 1.09393
0.74 0.76 1.12401
0.74 0.78 1.15489
0.74 0.8 1.18658
0.74 0.82 1.21907
0.74 0.84 1.25237
0.74 0.86 1.28647
0.74 0.88 1.32137
0.74 0.9 1.35707
0.74 0.92 1.39357
0.74 0.94 1.43088
0.74 0.96 1.46899
0.74 0.98 1.50789
0.74 1 1.5476
0.76 0 0.5776
0.76 0.02 0.57789
0.76 0.04 0.578981
0.76 0.06 0.580873
0.76 0.08 0.583567
0.76 0.1 0.587062
0.76 0.12 0.591361
0.76 0.14 0.596462
0.76 0.16 0.602367
0.76 0.18 0.609075
0.76 0.2 0.616588
0.76 0.22 0.624904
0.76 0.24 0.634025
0.76 0.26 0.643952
0.76 0.28 0.654683
0.76 0.3 0.66622
0.76 0.32 0.678563
0.76 0.34 0.691711
0.76 0.36 0.705666
0.76 0.38 0.720427
0.76 0.4 0.735994
0.76 0.42 0.752367
0.76 0.44 0.769548
0.76 0.46 0.787534
0.76 0.48 0.806328
0.76 0.5 0.825928
0.76 0.52 0.846334
0.76 0.54 0.867547
0.76 0.56 0.889567
0.76 0.58 0.912393
0.76 0.6 0.936025
0.76 0.62 0.960463
0.76 0.64 0.985707
0.76 0.66 1.01176
0.76 0.68 1.03861
0.76 0.7 1.06627
0.76 0.72 1.09474
0.76 0.74 1.12401
0.76 0.76 1.15408
0.76 0.78 1.18496
0.76 0.8 1.21665
0.76 0.82 1.24913
0.76 0.84 1.28242
0.76 0.86 1.31651
0.76 0.88 1.35141
0.76 0.9 1.3871
0.76 0.92 1.4236
0.76 0.94 1.4609
0.76 0.96 1.499
0.76 0.98 1.5379
0.76 1 1.5776
0.78 0 0.6084
0.78 0.02 0.608698
0.78 0.04 0.609796
0.78 0.06 0.611696
0.78 0.08 0.614397
0.78 0.1 0.6179
0.78 0.12 0.622206
0.78 0.14 0.627314
0.78 0.16 0.633226
0.78 0.18 0.639941
0.78 0.2 0.647459
0.78 0.22 0.655782
0.78 0.24 0.664908
0.78 0.26 0.67484
0.78 0.28 0.685576
0.78 0.3 0.697118
0.78 0.32 0.709464
0.78 0.34 0.722616
0.78 0.36 0.736574
0.78 0.38 0.751338
0.78 0.4 0.766907
0.78 0.42 0.783283
0.78 0.44 0.800464
0.78 0.46 0.818452
0.78 0.48 0.837246
0.78 0.5 0.856846
0.78 0.52 0.877252
0.78 0.54 0.898464
0.78 0.56 0.920482
0.78 0.58 0.943306
0.78 0.6 0.966936
0.78 0.62 0.991372
0.78 0.64 1.01661
0.78 0.66 1.04266
0.78 0.68 1.06951
0.78 0.7 1.09717
0.78 0.72 1.12563
0.78 0.74 1.15489
0.78 0.76 1.18496
0.78 0.78 1.21584
0.78 0.8 1.24751
0.78 0.82 1.27999
0.78 0.84 1.31328
0.78 0.86 1.34736
0.78 0.88 1.38225
0.78 0.9 1.41794
0.78 0.92 1.45443
0.78 0.94 1.49172
0.78 0.96 1.52981
0.78 0.98 1.56871
0.78 1 1.6084
0.8 0 0.64
0.8 0.02 0.640306
0.8 0.04 0.641412
0.8 0.06 0.64332
0.8 0.08 0.646029
0.8 0.1 0.64954
0.8 0.12 0.653853
0.8 0.14 0.658969
0.8 0.16 0.664887
0.8 0.18 0.671609
0.8 0.2 0.679134
0.8 0.22 0.687463
0.8 0.24 0.696595
0.8 0.26 0.706532
0.8 0.28 0.717274
0.8 0.3 0.72882
0.8 0.32 0.741171
0.8 0.34 0.754327
0.8 0.36 0.768288
0.8 0.38 0.783054
0.8 0.4 0.798626
0.8 0.42 0.815004
0.8 0.44 0.832187
0.8 0.46 0.850175
0.8 0.48 0.86897
0.8 0.5 0.88857
0.8 0.52 0.908975
0.8 0.54 0.930187
0.8 0.56 0.952203
0.8 0.58 0.975025
0.8 0.6 0.998653
0.8 0.62 1.02309
0.8 0.64 1.04832
0.8 0.66 1.07437
0.8 0.68 1.10121
0.8 0.7 1.12887
0.8 0.72 1.15732
0.8 0.74 1.18658
0.8 0.76 1.21665
0.8 0.78 1.24751
0.8 0.8 1.27918
0.8 0.82 1.31166
0.8 0.84 1.34493
0.8 0.86 1.37901
0.8 0.88 1.41389
0.8 0.9 1.44958
0.8 0.92 1.48606
0.8 0.94 1.52334
0.8 0.96 1.56143
0.8 0.98 1.60031
0.8 1 1.64
0.82 0 0.6724
0.82 0.02 0.672714
0.82 0.04 0.673829
0.82 0.06 0.675745
0.82 0.08 0.678463
0.82 0.1 0.681982
0.82 0.12 0.686303
0.82 0.14 0.691426
0.82 0.16 0.697352
0.82 0.18 0.70408
0.82 0.2 0.711612
0.82 0.22 0.719947
0.82 0.24 0.729086
0.82 0.26 0.739029
0.82 0.28 0.749775
0.82 0.3 0.761326
0.82 0.32 0.773682
0.82 0.34 0.786842
0.82 0.36 0.800806
0.82 0.38 0.815576
0.82 0.4 0.83115
0.82 0.42 0.84753
0.82 0.44 0.864714
0.82 0.46 0.882704
0.82 0.48 0.901499
0.82 0.5 0.921099
0.82 0.52 0.941504
0.82 0.54 0.962714
0.82 0.56 0.984729
0.82 0.58 1.00755
0.82 0.6 1.03117
0.82 0.62 1.0556
0.82 0.64 1.08084
0.82 0.66 1.10688
0.82 0.68 1.13372
0.82 0.7 1.16137
0.82 0.72 1.18982
0.82 0.74 1.21907
0.82 0.76 1.24913
0.82 0.78 1.27999
0.82 0.8 1.31166
0.82 0.82 1.34412
0.82 0.84 1.37739
0.82 0.86 1.41147
0.82 0.88 1.44634
0.82 0.9 1.48201
0.82 0.92 1.51849
0.82 0.94 1.55577
0.82 0.96 1.59384
0.82 0.98 1.63272
0.82 1 1.6724
0.84 0 0.7056
0.84 0.02 0.705923
0.84 0.04 0.707047
0.84 0.06 0.708972
0.84 0.08 0.711697
0.84 0.1 0.715225
0.84 0.12 0.719554
0.84 0.14 0.724685
0.84 0.16 0.730618
0.84 0.18 0.737354
0.84 0.2 0.744893
0.84 0.22 0.753235
0.84 0.24 0.76238
0.84 0.26 0.772328
0.84 0.28 0.783081
0.84 0.3 0.794637
0.84 0.32 0.806996
0.84 0.34 0.82016
0.84 0.36 0.834129
0.84 0.38 0.848901
0.84 0.4 0.864478
0.84 0.42 0.88086
0.84 0.44 0.898046
0.84 0.46 0.916037
0.84 0.48 0.934832
0.84 0.5 0.954432
0.84 0.52 0.974837
0.84 0.54 0.996046
0.84 0.56 1.01806
0.84 0.58 1.04088
0.84 0.6 1.0645
0.84 0.62 1.08893
0.84 0.64 1.11416
0.84 0.66 1.14019
0.84 0.68 1.16703
0.84 0.7 1.19467
0.84 0.72 1.22312
0.84 0.74 1.25237
0.84 0.76 1.28242
0.84 0.78 1.31328
0.84 0.8 1.34493
0.84 0.82 1.37739
0.84 0.84 1.41066
0.84 0.86 1.44472
0.84 0.88 1.47959
0.84 0.9 1.51525
0.84 0.92 1.55172
0.84 0.94 1.58899
0.84 0.96 1.62706
0.84 0.98 1.66593
0.84 1 1.7056
0.86 0 0.7396
0.86 0.02 0.739932
0.86 0.04 0.741065
0.86 0.06 0.742998
0.86 0.08 0.745733
0.86 0.1 0.749269
0.86 0.12 0.753606
0.86 0.14 0.758746
0.86 0.16 0.764687
0.86 0.18 0.77143
0.86 0.2 0.778976
0.86 0.22 0.787325
0.86 0.24 0.796477
0.86 0.26 0.806431
0.86 0.28 0.817189
0.86 0.3 0.82875
0.86 0.32 0.841115
0.86 0.34 0.854283
0.86 0.36 0.868255
0.86 0.38 0.883031
0.86 0.4 0.898611
0.86 0.42 0.914994
0.86 0.44 0.932182
0.86 0.46 0.950174
0.86 0.48 0.96897
0.86 0.5 0.98857
0.86 0.52 1.00897
0.86 0.54 1.03018
0.86 0.56 1.05219
0.86 0.58 1.07501
0.86 0.6 1.09863
0.86 0.62 1.12305
0.86 0.64 1.14828
0.86 0.66 1.17431
0.86 0.68 1.20115
0.86 0.7 1.22878
0.86 0.72 1.25722
0.86 0.74 1.28647
0.86 0.76 1.31651
0.86 0.78 1.34736
0.86 0.8 1.37901
0.86 0.82 1.41147
0.86 0.84 1.44472
0.86 0.86 1.47878
0.86 0.88 1.51363
0.86 0.9 1.54929
0.86 0.92 1.58575
0.86 0.94 1.62302
0.86 0.96 1.66108
0.86 0.98 1.69994
0.86 1 1.7396
0.88 0 0.7744
0.88 0.02 0.774741
0.88 0.04 0.775883
0.88 0.06 0.777826
0.88 0.08 0.78057
0.88 0.1 0.784114
0.88 0.12 0.78846
0.88 0.14 0.793608
0.88 0.16 0.799557
0.88 0.18 0.806309
0.88 0.2 0.813862
0.88 0.22 0.822218
0.88 0.24 0.831376
0.88 0.26 0.841337
0.88 0.28 0.8521
0.88 0.3 0.863667
0.88 0.32 0.876036
0.88 0.34 0.889209
0.88 0.36 0.903185
0.88 0.38 0.917964
0.88 0.4 0.933546
0.88 0.42 0.949932
0.88 0.44 0.967122
0.88 0.46 0.985115
0.88 0.48 1.00391
0.88 0.5 1.02351
0.88 0.52 1.04391
0.88 0.54 1.06512
0.88 0.56 1.08713
0.88 0.58 1.10995
0.88 0.6 1.13356
0.88 0.62 1.15798
0.88 0.64 1.18321
0.88 0.66 1.20923
0.88 0.68 1.23606
0.88 0.7 1.26369
0.88 0.72 1.29213
0.88 0.74 1.32137
0.88 0.76 1.35141
0.88 0.78 1.38225
0.88 0.8 1.41389
0.88 0.82 1.44634
0.88 0.84 1.47959
0.88 0.86 1.51363
0.88 0.88 1.54848
0.88 0.9 1.58414
0.88 0.92 1.62059
0.88 0.94 1.65784
0.88 0.96 1.69589
0.88 0.98 1.73475
0.88 1 1.7744
0.9 0 0.81
0.9 0.02 0.810351
0.9 0.04 0.811502
0.9 0.06 0.813454
0.9 0.08 0.816207
0.9 0.1 0.819761
0.9 0.12 0.824115
0.9 0.14 0.829272
0.9 0.16 0.835229
0.9 0.18 0.841988
0.9 0.2 0.849549
0.9 0.22 0.857912
0.9 0.24 0.867077
0.9 0.26 0.877044
0.9 0.28 0.887814
0.9 0.3 0.899386
0.9 0.32 0.91176
0.9 0.34 0.924937
0.9 0.36 0.938917
0.9 0.38 0.953699
0.9 0.4 0.969285
0.9 0.42 0.985673
0.9 0.44 1.00286
0.9 0.46 1.02086
0.9 0.48 1.03966
0.9 0.5 1.05926
0.9 0.52 1.07966
0.9 0.54 1.10086
0.9 0.56 1.12287
0.9 0.58 1.14568
0.9 0.6 1.1693
0.9 0.62 1.19372
0.9 0.64 1.21894
0.9 0.66 1.24496
0.9 0.68 1.27178
0.9 0.7 1.29941
0.9 0.72 1.32784
0.9 0.74 1.35707
0.9 0.76 1.3871
0.9 0.78 1.41794
0.9 0.8 1.44958
0.9 0.82 1.48201
0.9 0.84 1.51525
0.9 0.86 1.54929
0.9 0.88 1.58414
0.9 0.9 1.61978
0.9 0.92 1.65622
0.9 0.94 1.69347
0.9 0.96 1.73151
0.9 0.98 1.77036
0.9 1 1.81
0.92 0 0.8464
0.92 0.02 0.846761
0.92 0.04 0.847922
0.92 0.06 0.849883
0.92 0.08 0.852645
0.92 0.1 0.856208
0.92 0.12 0.860571
0.92 0.14 0.865736
0.92 0.16 0.871702
0.92 0.18 0.878469
0.92 0.2 0.886038
0.92 0.22 0.894408
0.92 0.24 0.90358
0.92 0.26 0.913554
0.92 0.28 0.924329
0.92 0.3 0.935907
0.92 0.32 0.948286
0.92 0.34 0.961468
0.92 0.36 0.975451
0.92 0.38 0.990237
0.92 0.4 1.00583
0.92 0.42 1.02222
0.92 0.44 1.03941
0.92 0.46 1.0574
0.92 0.48 1.0762
0.92 0.5 1.0958
0.92 0.52 1.1162
0.92 0.54 1.13741
0.92 0.56 1.15942
0.92 0.58 1.18223
0.92 0.6 1.20584
0.92 0.62 1.23025
0.92 0.64 1.25547
0.92 0.66 1.28148
0.92 0.68 1.3083
0.92 0.7 1.33593
0.92 0.72 1.36435
0.92 0.74 1.39357
0.92 0.76 1.4236
0.92 0.78 1.45443
0.92 0.8 1.48606
0.92 0.82 1.51849
0.92 0.84 1.55172
0.92 0.86 1.58575
0.92 0.88 1.62059
0.92 0.9 1.65622
0.92 0.92 1.69266
0.92 0.94 1.72989
0.92 0.96 1.76793
0.92 0.98 1.80676
0.92 1 1.8464
0.94 0 0.8836
0.94 0.02 0.88397
0.94 0.04 0.885141
0.94 0.06 0.887112
0.94 0.08 0.889883
0.94 0.1 0.893455
0.94 0.12 0.897828
0.94 0.14 0.903002
0.94 0.16 0.908976
0.94 0.18 0.915751
0.94 0.2 0.923328
0.94 0.22 0.931705
0.94 0.24 0.940884
0.94 0.26 0.950864
0.94 0.28 0.961646
0.94 0.3 0.973229
0.94 0.32 0.985613
0.94 0.34 0.9988
0.94 0.36 1.01279
0.94 0.38 1.02758
0.94 0.4 1.04317
0.94 0.42 1.05956
0.94 0.44 1.07676
0.94 0.46 1.09475
0.94 0.48 1.11355
0.94 0.5 1.13315
0.94 0.52 1.15355
0.94 0.54 1.17476
0.94 0.56 1.19676
0.94 0.58 1.21957
0.94 0.6 1.24318
0.94 0.62 1.26759
0.94 0.64 1.2928
0.94 0.66 1.31881
0.94 0.68 1.34563
0.94 0.7 1.37324
0.94 0.72 1.40166
0.94 0.74 1.43088
0.94 0.76 1.4609
0.94 0.78 1.49172
0.94 0.8 1.52334
0.94 0.82 1.55577
0.94 0.84 1.58899
0.94 0.86 1.62302
0.94 0.88 1.65784
0.94 0.9 1.69347
0.94 0.92 1.72989
0.94 0.94 1.76712
0.94 0.96 1.80515
0.94 0.98 1.84397
0.94 1 1.8836
0.96 0 0.9216
0.96 0.02 0.92198
0.96 0.04 0.923161
0.96 0.06 0.925141
0.96 0.08 0.927922
0.96 0.1 0.931504
0.96 0.12 0.935885
0.96 0.14 0.941068
0.96 0.16 0.94705
0.96 0.18 0.953834
0.96 0.2 0.961418
0.96 0.22 0.969803
0.96 0.24 0.978989
0.96 0.26 0.988976
0.96 0.28 0.999764
0.96 0.3 1.01135
0.96 0.32 1.02374
0.96 0.34 1.03693
0.96 0.36 1.05092
0.96 0.38 1.06572
0.96 0.4 1.08131
0.96 0.42 1.09771
0.96 0.44 1.1149
0.96 0.46 1.1329
0.96 0.48 1.1517
0.96 0.5 1.1713
0.96 0.52 1.1917
0.96 0.54 1.2129
0.96 0.56 1.23491
0.96 0.58 1.25771
0.96 0.6 1.28132
0.96 0.62 1.30572
0.96 0.64 1.33093
0.96 0.66 1.35694
0.96 0.68 1.38375
0.96 0.7 1.41136
0.96 0.72 1.43977
0.96 0.74 1.46899
0.96 0.76 1.499
0.96 0.78 1.52981
0.96 0.8 1.56143
0.96 0.82 1.59384
0.96 0.84 1.62706
0.96 0.86 1.66108
0.96 0.88 1.69589
0.96 0.9 1.73151
0.96 0.92 1.76793
0.96 0.94 1.80515
0.96 0.96 1.84316
0.96 0.98 1.88198
0.96 1 1.9216
0.98 0 0.9604
0.98 0.02 0.96079
0.98 0.04 0.96198
0.98 0.06 0.963971
0.98 0.08 0.966761
0.98 0.1 0.970352
0.98 0.12 0.974743
0.98 0.14 0.979934
0.98 0.16 0.985925
0.98 0.18 0.992717
0.98 0.2 1.00031
0.98 0.22 1.0087
0.98 0.24 1.01789
0.98 0.26 1.02789
0.98 0.28 1.03868
0.98 0.3 1.05028
0.98 0.32 1.06267
0.98 0.34 1.07587
0.98 0.36 1.08986
0.98 0.38 1.10466
0.98 0.4 1.12026
0.98 0.42 1.13665
0.98 0.44 1.15385
0.98 0.46 1.17185
0.98 0.48 1.19065
0.98 0.5 1.21025
0.98 0.52 1.23065
0.98 0.54 1.25185
0.98 0.56 1.27385
0.98 0.58 1.29666
0.98 0.6 1.32026
0.98 0.62 1.34466
0.98 0.64 1.36987
0.98 0.66 1.39587
0.98 0.68 1.42268
0.98 0.7 1.45028
0.98 0.72 1.47869
0.98 0.74 1.50789
0.98 0.76 1.5379
0.98 0.78 1.56871
0.98 0.8 1.60031
0.98 0.82 1.63272
0.98 0.84 1.66593
0.98 0.86 1.69994
0.98 0.88 1.73475
0.98 0.9 1.77036
0.98 0.92 1.80676
0.98 0.94 1.84397
0.98 0.96 1.88198
0.98 0.98 1.92079
0.98 1 1.9604
1 0 1
1 0.02 1.0004
1 0.04 1.0016
1 0.06 1.0036
1 0.08 1.0064
1 0.1 1.01
1 0.12 1.0144
1 0.14 1.0196
1 0.16 1.0256
1 0.18 1.0324
1 0.2 1.04
1 0.22 1.0484
1 0.24 1.0576
1 0.26 1.0676
1 0.28 1.0784
1 0.3 1.09
1 0.32 1.1024
1 0.34 1.1156
1 0.36 1.1296
1 0.38 1.1444
1 0.4 1.16
1 0.42 1.1764
1 0.44 1.1936
1 0.46 1.2116
1 0.48 1.2304
1 0.5 1.25
1 0.52 1.2704
1 0.54 1.2916
1 0.56 1.3136
1 0.58 1.3364
1 0.6 1.36
1 0.62 1.3844
1 0.64 1.4096
1 0.66 1.4356
1 0.68 1.4624
1 0.7 1.49
1 0.72 1.5184
1 0.74 1.5476
1 0.76 1.5776
1 0.78 1.6084
1 0.8 1.64
1 0.82 1.6724
1 0.84 1.7056
1 0.86 1.7396
1 0.88 1.7744
1 0.9 1.81
1 0.92 1.8464
1 0.94 1.8836
1 0.96 1.9216
1 0.98 1.9604
1 1 0
